12.28.2012
16.12.08
condor_exec.exe --agent texplore --actrate 3 --explore variancenovelty --n 5 --v 2 --rom ./games/asterix.bin --history 1 --model c45tree 

Specialized environment for Asterix, uses 8 features:
0: self x position
1: self row #
2: relative x distance to object in row above self
3: ID of object in row above self
4: relative x distance to object in row below self
5: ID of object in row below self
6: relative x distance to object in current row of self
7: ID of object in current row of self
0: C4.5 Tree
1: C4.5 Tree
2: C4.5 Tree
3: C4.5 Tree
4: C4.5 Tree
5: C4.5 Tree
6: C4.5 Tree
7: C4.5 Tree
REWARD: C4.5 Tree
TERMINAL: C4.5 Tree

sudheendra
Architecture:          x86_64
CPU op-mode(s):        32-bit, 64-bit
CPU(s):                24
Thread(s) per core:    2
Core(s) per socket:    6
CPU socket(s):         2
NUMA node(s):          2
Vendor ID:             GenuineIntel
CPU family:            6
Model:                 44
Stepping:              2
CPU MHz:               3458.101
Virtualization:        VT-x
L1d cache:             32K
L1i cache:             32K
L2 cache:              256K
L3 cache:              12288K
MemTotal:       198480364 kB
MemFree:        112906168 kB


score	#steps	#invld
100	48	0
50	124	0
50	126	0
50	108	0
50	72	0
50	43	0
50	42	0
50	43	0
50	41	0
50	40	0
50	42	0
50	41	0
250	252	0
50	42	0
50	42	0
200	200	0
50	50	0
150	178	0
50	47	0
50	43	0
100	85	0
200	223	0
250	277	0
50	85	0
300	401	0
100	62	0
50	61	0
150	120	0
250	277	0
50	115	0
50	51	0
650	702	0
250	272	0
250	246	1
250	274	0
250	277	0
200	117	3
200	215	0
200	244	0
50	53	0
50	58	0
50	56	0
50	90	0
150	131	0
200	203	0
50	106	0
100	196	0
50	58	0
50	101	0
50	101	0
50	58	0
50	60	0
50	121	0
50	121	0
50	106	0
50	102	0
50	102	0
150	129	0
50	103	0
50	102	0
50	103	0
50	54	0
50	54	0
50	56	0
50	56	0
50	58	0
100	132	0
50	102	0
200	242	0
50	58	0
50	58	0
50	58	0
50	58	0
50	58	0
50	58	0
50	58	0
50	93	0
50	93	0
50	105	0
50	58	0
50	60	0
50	58	0
50	54	0
50	56	0
50	56	0
50	56	0
50	54	0
50	54	0
50	54	0
50	58	0
50	56	0
50	58	0
50	60	0
50	60	0
50	56	0
50	58	0
50	95	0
50	60	0
50	55	0
50	53	0
50	60	0
50	102	0
250	236	0
50	103	0
50	50	0
50	105	0
50	93	0
50	103	0
50	56	0
50	53	0
50	53	0
50	55	0
50	56	0
50	49	0
50	47	0
50	47	0
50	47	0
50	58	0
50	55	0
50	47	0
50	52	0
50	47	0
50	45	0
50	47	0
50	47	0
50	49	0
50	47	0
50	47	0
50	47	0
50	49	0
50	47	0
50	55	0
50	49	0
50	47	0
50	47	0
50	49	0
50	58	0
50	45	0
50	45	0
50	58	0
50	49	0
50	51	0
50	49	0
50	51	0
50	58	0
50	58	0
50	47	0
50	47	0
50	47	0
50	47	0
50	55	0
50	47	0
50	51	0
50	48	0
50	51	0
50	47	0
50	47	0
50	47	0
50	48	0
50	58	0
50	47	0
50	103	0
50	58	0
50	48	0
50	49	0
50	47	0
50	49	0
50	51	0
50	58	0
50	51	0
50	47	0
50	45	0
50	45	0
50	58	0
50	47	0
50	45	0
50	47	0
50	49	0
50	49	0
50	49	0
50	49	0
50	45	0
50	45	0
50	49	0
50	49	0
50	49	0
50	49	0
50	49	0
50	49	0
50	47	0
50	45	0
50	45	0
50	49	0
50	47	0
50	49	0
50	49	0
50	49	0
50	47	0
50	47	0
50	47	0
50	47	0
50	53	0
50	47	0
50	47	0
50	49	0
50	51	0
50	49	0
50	49	0
50	49	0
50	49	0
50	47	0
50	49	0
50	49	0
50	49	0
50	49	0
50	49	0
50	53	0
50	49	0
50	49	0
50	51	0
50	49	0
50	53	0
50	53	0
50	49	0
50	51	0
50	49	0
50	49	0
50	49	0
50	49	0
50	45	0
50	47	0
50	47	0
50	47	0
50	45	0
50	49	0
50	49	0
50	49	0
50	58	0
50	58	0
50	49	0
50	51	0
50	51	0
50	49	0
50	49	0
50	45	0
50	49	0
50	51	0
50	49	0
50	49	0
50	51	0
50	49	0
50	51	0
50	49	0
50	49	0
50	49	0
50	49	0
50	47	0
50	51	0
50	49	0
50	49	0
50	47	0
50	49	0
50	51	0
50	49	0
50	49	0
50	49	0
50	49	0
50	49	0
150	183	0
100	137	0
550	505	0
250	234	0
150	138	0
200	224	0
250	234	0
150	113	0
150	113	0
250	241	0
250	204	0
150	173	0
250	234	0
400	405	0
1000	1000	0
150	150	0
150	197	0
150	172	0
150	143	0
150	138	0
150	212	0
150	146	0
500	441	0
200	213	0
200	215	0
450	467	0
150	172	0
150	215	0
300	334	0
500	523	0
150	137	0
200	130	0
200	130	0
150	215	0
100	101	0
100	101	0
100	101	0
100	101	0
100	101	0
100	101	0
100	101	0
200	130	0
300	235	0
250	240	0
300	259	0
250	235	0
700	702	0
250	235	0
150	138	0
300	259	0
150	139	0
150	137	0
100	113	0
300	259	0
300	261	0
300	297	0
450	430	0
200	218	0
250	261	0
100	101	0
250	304	0
100	101	0
100	101	0
100	101	0
100	101	0
100	101	0
100	101	0
100	101	0
100	101	0
100	101	0
100	100	0
300	262	0
100	101	0
550	506	0
150	180	0
100	101	0
100	101	0
150	215	0
300	262	0
350	370	0
250	235	0
250	276	0
250	260	0
250	262	0
250	262	0
100	100	0
100	100	0
250	235	0
300	258	0
250	235	0
250	297	0
100	101	0
250	235	0
300	258	0
300	257	0
250	314	0
300	306	0
200	201	0
100	101	0
100	101	0
100	101	0
100	101	0
100	100	0
100	112	0
100	114	0
100	104	0
100	104	0
100	101	0
100	101	0
250	275	0
250	325	0
100	113	0
100	114	0
100	114	0
150	118	0
150	117	0
200	245	0
150	152	0
100	120	0
150	123	0
150	123	0
200	238	0
200	246	0
150	125	0
150	125	0
150	125	0
200	202	0
150	123	0
450	506	0
300	347	0
250	277	0
350	310	0
550	506	0
250	237	0
250	261	0
250	234	0
300	422	0
400	445	0
250	313	0
350	318	0
250	274	0
250	302	0
150	122	0
450	603	0
250	301	0
250	301	0
250	313	0
550	504	0
400	348	0
700	665	0
250	313	0
150	139	0
250	262	0
550	500	0
250	234	0
550	609	0
250	234	0
150	128	0
300	261	0
250	235	0
250	235	0
250	234	0
250	234	0
250	234	0
250	234	0
200	240	0
250	234	0
250	234	0
100	104	0
100	104	0
100	103	0
100	103	0
100	103	0
250	235	0
100	103	0
100	103	0
100	103	0
100	103	0
100	103	0
100	104	0
100	104	0
100	104	0
250	234	0
150	196	0
150	162	0
250	313	0
300	261	0
200	202	0
200	204	0
250	234	0
300	261	0
200	198	0
250	234	0
250	317	0
250	261	0
150	129	0
150	176	0
250	234	0
100	101	0
100	101	0
100	101	0
100	101	0
250	234	0
250	275	0
150	128	0
300	315	0
300	259	0
100	131	0
100	102	0
100	116	0
100	101	0
100	101	0
100	117	0
100	101	0
100	116	0
300	261	0
250	274	0
300	297	0
250	272	0
250	272	0
300	259	0
300	245	0
250	284	0
400	411	0
450	467	0
250	272	0
50	49	0
50	53	0
50	49	0
50	49	0
50	49	0
50	53	0
50	53	0
50	49	0
50	49	0
50	49	0
50	49	0
50	49	0
50	49	0
50	49	0
50	49	0
50	49	0
50	49	0
50	49	0
50	49	0
50	49	0
50	49	0
50	49	0
50	49	0
50	47	0
50	47	0
50	47	0
50	47	0
50	47	0
50	47	0
50	47	0
50	47	0
50	47	0
50	47	0
50	47	0
50	47	0
50	47	0
50	47	0
50	47	0
50	47	0
50	47	0
50	55	0
50	55	0
50	49	0
50	49	0
50	53	0
50	47	0
50	47	0
50	47	0
50	49	0
50	49	0
50	53	0
50	53	0
50	53	0
50	57	0
50	55	0
50	55	0
50	47	0
50	47	0
50	49	0
50	47	0
50	47	0
50	51	0
50	53	0
50	51	0
50	51	0
50	51	0
50	51	0
50	51	0
50	51	0
200	128	0
200	128	0
50	51	0
50	51	0
50	51	0
50	55	0
50	53	0
50	53	0
50	53	0
50	53	0
50	53	0
50	49	0
50	51	0
50	51	0
50	51	0
50	51	0
50	47	0
50	47	0
50	47	0
50	47	0
50	47	0
50	47	0
50	45	0
50	49	0
50	51	0
50	51	0
50	47	0
50	49	0
50	49	0
50	51	0
50	47	0
250	271	0
200	244	0
400	409	0
200	128	0
200	129	0
200	129	0
