12.28.2012
16.12.06
condor_exec.exe --agent texplore --actrate 3 --explore variancenovelty --n 5 --v 2 --rom ./games/asterix.bin --history 1 --model c45tree 

Specialized environment for Asterix, uses 8 features:
0: self x position
1: self row #
2: relative x distance to object in row above self
3: ID of object in row above self
4: relative x distance to object in row below self
5: ID of object in row below self
6: relative x distance to object in current row of self
7: ID of object in current row of self
0: C4.5 Tree
1: C4.5 Tree
2: C4.5 Tree
3: C4.5 Tree
4: C4.5 Tree
5: C4.5 Tree
6: C4.5 Tree
7: C4.5 Tree
REWARD: C4.5 Tree
TERMINAL: C4.5 Tree

vision-18
Architecture:          x86_64
CPU op-mode(s):        32-bit, 64-bit
CPU(s):                24
Thread(s) per core:    2
Core(s) per socket:    6
CPU socket(s):         2
NUMA node(s):          2
Vendor ID:             GenuineIntel
CPU family:            6
Model:                 44
Stepping:              2
CPU MHz:               3458.005
Virtualization:        VT-x
L1d cache:             32K
L1i cache:             32K
L2 cache:              256K
L3 cache:              12288K
MemTotal:       99193400 kB
MemFree:        93077312 kB


score	#steps	#invld
100	47	0
100	63	0
200	108	0
50	117	0
50	120	0
200	239	0
50	47	0
50	89	0
250	152	0
50	49	0
300	405	0
50	121	0
50	113	0
50	114	0
50	52	0
50	114	0
50	114	0
100	191	0
50	114	0
50	113	0
50	112	0
50	118	0
50	112	0
150	210	0
50	83	0
0	49	0
50	118	0
50	47	0
50	47	0
0	49	0
50	82	0
50	48	0
100	182	0
50	112	0
50	45	0
50	47	0
50	46	0
50	47	0
50	47	0
100	121	0
50	82	0
50	108	0
150	206	0
250	499	0
250	502	0
250	501	0
50	112	0
50	82	0
350	562	0
50	114	0
100	206	0
50	112	0
250	425	0
50	108	0
50	108	0
50	108	0
100	207	0
100	187	0
50	110	0
50	117	0
100	207	0
50	121	0
50	110	0
50	109	0
50	110	0
100	207	0
50	111	0
50	47	0
50	110	0
50	110	0
50	122	0
50	122	0
50	111	0
150	302	0
150	208	0
50	108	0
50	108	0
100	199	0
150	305	0
100	207	0
250	403	0
50	108	0
50	108	0
150	256	0
250	405	0
150	306	0
250	388	0
50	112	0
50	47	0
50	47	0
200	394	0
100	206	0
100	206	0
100	186	0
150	256	0
50	84	0
100	206	0
50	82	0
250	503	0
50	47	0
50	47	0
50	47	0
200	394	0
50	110	0
50	108	0
200	403	0
50	47	0
200	402	0
200	401	0
200	403	0
200	404	0
150	304	0
50	45	0
50	47	0
50	47	0
200	404	0
200	404	0
200	402	0
50	49	0
0	45	0
50	49	0
50	45	0
50	48	0
50	48	0
50	49	0
50	49	0
50	51	0
250	403	0
50	49	0
50	89	0
50	52	0
50	49	0
50	53	0
50	49	0
50	52	0
50	83	0
100	177	0
50	47	0
50	45	0
50	46	0
50	46	0
50	46	0
50	47	0
50	47	0
50	47	0
50	47	0
50	47	0
50	49	0
50	49	0
50	47	0
50	45	0
50	83	0
50	55	0
50	48	0
50	48	0
50	49	0
50	49	0
50	49	0
50	49	0
100	177	0
50	84	0
50	83	0
50	48	0
50	48	0
50	119	0
50	82	0
50	48	0
50	52	0
50	46	0
50	48	0
50	52	0
50	53	0
50	53	0
50	122	0
100	179	0
50	46	0
50	46	0
50	48	0
50	47	0
50	47	0
100	179	0
50	82	0
100	179	0
150	185	0
100	179	0
50	83	0
50	83	0
50	89	0
100	179	0
100	179	0
50	45	0
50	48	0
50	44	0
50	47	0
50	45	0
50	44	0
100	179	0
100	177	0
100	177	0
100	177	0
100	177	0
100	177	0
50	44	0
100	177	0
100	177	0
100	179	0
50	44	0
50	44	0
50	44	0
50	48	0
100	87	0
50	45	0
50	49	0
50	48	0
50	49	0
50	44	0
100	177	0
50	48	0
50	48	0
100	177	0
50	82	0
100	177	0
100	177	0
100	177	0
100	177	0
50	64	0
50	49	0
100	177	0
50	47	0
100	179	0
50	48	0
50	49	0
100	179	0
100	177	0
100	177	0
50	48	0
100	180	0
50	49	0
50	49	0
50	49	0
100	177	0
100	179	0
100	179	0
50	81	0
100	177	0
50	49	0
50	49	0
50	49	0
50	49	0
50	51	0
50	49	0
50	49	0
50	49	0
50	49	0
100	177	0
100	177	0
100	177	0
100	181	0
50	51	0
50	52	0
50	55	0
50	55	0
50	51	0
50	55	0
50	53	0
50	55	0
50	52	0
50	53	0
50	55	0
50	53	0
50	53	0
50	53	0
50	55	0
50	55	0
50	55	0
50	55	0
100	177	0
100	178	0
100	178	0
100	177	0
50	55	0
50	55	0
50	55	0
50	55	0
50	55	0
50	55	0
50	55	0
50	55	0
100	177	0
50	47	0
50	55	0
50	55	0
50	55	0
50	53	0
50	53	0
50	53	0
100	177	0
50	47	0
50	51	0
50	53	0
50	55	0
50	53	0
50	53	0
50	55	0
50	55	0
50	55	0
50	55	0
50	55	0
50	55	0
50	55	0
50	55	0
50	53	0
50	49	0
50	47	0
50	47	0
50	53	0
50	55	0
50	55	0
100	177	0
50	55	0
50	55	0
50	55	0
50	55	0
50	55	0
100	175	0
100	175	0
50	55	0
50	55	0
50	55	0
50	55	0
50	55	