12.28.2012
16.12.08
condor_exec.exe --agent texplore --actrate 3 --explore variancenovelty --n 5 --v 2 --rom ./games/asterix.bin --history 1 --model c45tree 

Specialized environment for Asterix, uses 8 features:
0: self x position
1: self row #
2: relative x distance to object in row above self
3: ID of object in row above self
4: relative x distance to object in row below self
5: ID of object in row below self
6: relative x distance to object in current row of self
7: ID of object in current row of self
0: C4.5 Tree
1: C4.5 Tree
2: C4.5 Tree
3: C4.5 Tree
4: C4.5 Tree
5: C4.5 Tree
6: C4.5 Tree
7: C4.5 Tree
REWARD: C4.5 Tree
TERMINAL: C4.5 Tree

sudheendra
Architecture:          x86_64
CPU op-mode(s):        32-bit, 64-bit
CPU(s):                24
Thread(s) per core:    2
Core(s) per socket:    6
CPU socket(s):         2
NUMA node(s):          2
Vendor ID:             GenuineIntel
CPU family:            6
Model:                 44
Stepping:              2
CPU MHz:               3458.101
Virtualization:        VT-x
L1d cache:             32K
L1i cache:             32K
L2 cache:              256K
L3 cache:              12288K
MemTotal:       198480364 kB
MemFree:        112914208 kB


score	#steps	#invld
100	100	0
250	145	0
100	82	0
50	46	0
100	58	0
100	85	0
150	48	1
100	51	0
100	63	0
100	84	6
100	110	0
150	109	0
150	111	0
100	89	0
100	53	0
200	217	0
50	64	0
50	41	0
50	56	0
50	55	0
100	48	0
100	52	0
50	46	0
50	51	0
100	106	0
50	48	0
100	82	0
50	50	0
50	54	0
150	112	0
200	143	0
150	114	0
50	55	0
150	120	0
50	53	0
50	85	0
50	45	0
150	110	0
50	53	0
50	53	0
50	55	0
100	118	0
50	49	0
100	86	0
50	50	0
50	54	0
100	49	1
50	54	0
100	50	0
50	47	0
100	49	0
100	50	0
200	124	0
100	117	0
100	121	0
150	128	0
50	53	0
50	52	0
150	113	0
100	118	0
150	121	0
850	773	0
100	129	2
100	113	0
250	186	0
100	55	0
100	55	0
100	53	0
100	81	0
100	112	0
300	255	0
100	54	0
100	56	0
100	135	0
100	54	0
100	54	0
250	246	0
150	112	0
100	54	0
500	564	0
100	54	0
100	90	0
100	88	0
500	513	0
100	124	0
450	546	0
200	204	0
100	130	0
250	195	0
150	149	0
100	116	0
200	114	0
150	116	0
150	113	0
150	109	0
150	115	0
750	1000	0
650	513	0
750	1000	0
100	55	0
200	184	0
100	51	0
100	49	0
400	540	0
100	83	0
100	49	0
100	49	0
100	82	0
600	786	0
250	204	0
300	222	0
150	117	0
100	83	0
150	118	0
250	177	0
100	85	0
750	636	0
550	508	0
650	509	0
650	479	0
600	509	0
650	511	0
500	509	0
100	113	0
500	507	0
150	116	0
100	106	0
100	115	0
100	115	0
150	118	0
100	115	0
300	241	0
200	183	0
100	108	0
100	51	0
100	51	0
100	51	0
100	51	0
100	113	0
50	51	0
50	51	0
50	51	0
50	51	0
50	51	0
400	422	0
50	51	0
50	51	0
50	51	0
50	51	0
50	51	0
50	51	0
50	51	0
50	51	0
50	46	0
50	51	0
50	47	0
50	52	0
100	52	0
50	52	0
50	52	0
50	52	0
50	52	0
50	53	0
100	53	0
100	53	0
100	53	0
100	53	0
100	53	0
100	53	0
100	120	0
100	53	0
800	774	0
50	53	0
50	53	0
50	53	0
50	47	0
50	53	0
50	53	0
1000	1000	0
100	112	0
650	682	0
700	666	0
650	682	0
50	53	0
50	53	0
50	53	0
50	53	0
50	53	0
50	53	0
200	191	0
200	217	0
50	47	0
50	47	0
50	47	0
50	49	0
50	49	0
50	50	0
50	47	0
50	47	0
50	47	0
50	47	0
100	53	0
100	53	0
150	147	0
150	194	0
100	53	0
100	53	0
50	53	0
50	47	0
50	47	0
50	47	0
50	47	0
50	47	0
50	47	0
50	47	0
50	47	0
50	53	0
500	666	0
50	53	0
50	52	0
100	53	0
50	47	0
50	47	0
50	49	0
50	49	0
50	49	0
50	47	0
50	47	0
50	47	0
50	49	0
50	49	0
50	49	0
50	49	0
200	206	0
250	210	0
200	206	0
100	53	0
100	53	0
1000	967	0
950	904	0
400	428	0
350	304	0
400	427	0
400	427	0
400	456	0
400	429	0
750	691	0
900	984	0
400	423	0
450	471	0
550	505	0
400	432	0
400	430	0
450	455	0
450	471	0
450	474	0
450	474	0
450	474	0
950	887	0
900	904	0
100	106	0
1100	1000	0
250	221	0
100	53	0
100	53	0
100	53	0
250	220	0
800	885	0
850	869	0
100	87	0
100	87	0
450	445	0
100	87	0
100	87	0
50	53	0
50	53	0
50	53	0
50	53	0
50	53	0
50	53	0
50	53	0
50	53	0
50	53	0
50	53	0
50	53	0
50	53	0
50	53	0
50	53	0
100	80	0
100	80	0
100	80	0
100	80	0
100	80	0
100	80	0
100	87	0
100	87	0
450	386	0
250	252	0
100	53	0
100	53	0
100	53	0
100	53	0
100	53	0
100	53	0
100	53	0
100	53	0
50	53	0
50	53	0
50	52	0
50	87	0
550	511	0
50	48	0
50	48	0
50	48	0
50	48	0
50	48	0
50	48	0
50	48	0
