12.28.2012
17.31.19
condor_exec.exe --agent texplore --actrate 3 --explore variancenovelty --n 5 --v 2 --rom ./games/asterix.bin --history 1 --model c45tree 

Specialized environment for Asterix, uses 8 features:
0: self x position
1: self row #
2: relative x distance to object in row above self
3: ID of object in row above self
4: relative x distance to object in row below self
5: ID of object in row below self
6: relative x distance to object in current row of self
7: ID of object in current row of self
0: C4.5 Tree
1: C4.5 Tree
2: C4.5 Tree
3: C4.5 Tree
4: C4.5 Tree
5: C4.5 Tree
6: C4.5 Tree
7: C4.5 Tree
REWARD: C4.5 Tree
TERMINAL: C4.5 Tree

glamdring-7
Architecture:          x86_64
CPU op-mode(s):        32-bit, 64-bit
CPU(s):                40
Thread(s) per core:    2
Core(s) per socket:    10
CPU socket(s):         2
NUMA node(s):          2
Vendor ID:             GenuineIntel
CPU family:            6
Model:                 47
Stepping:              2
CPU MHz:               2393.867
Virtualization:        VT-x
L1d cache:             32K
L1i cache:             32K
L2 cache:              256K
L3 cache:              30720K
MemTotal:       529430880 kB
MemFree:        466939680 kB


score	#steps	#invld
150	38	0
50	60	0
100	51	0
50	64	0
50	58	0
50	62	0
100	58	0
100	109	0
150	39	0
50	38	0
50	63	0
50	73	0
100	44	0
100	47	0
150	110	0
100	117	0
100	101	0
150	77	0
100	58	0
50	58	0
100	57	0
150	128	0
100	47	0
100	245	0
50	55	0
100	45	0
100	47	0
50	82	0
50	47	0
50	49	0
50	46	0
50	47	0
50	46	0
50	52	0
50	52	0
50	46	0
50	48	0
50	45	0
50	45	0
50	45	0
50	43	0
50	44	0
50	44	0
50	42	0
50	46	0
50	48	0
50	46	0
50	46	0
50	45	0
50	42	0
50	42	0
50	46	0
50	50	0
50	48	0
50	62	0
50	42	0
50	47	0
50	45	0
100	117	0
50	46	0
50	42	0
50	42	0
50	42	0
50	42	0
50	43	0
50	42	0
50	43	0
50	42	0
50	44	0
50	42	0
50	42	0
50	42	0
50	47	0
50	43	0
50	43	0
50	43	0
50	43	0
50	43	0
50	43	0
150	282	0
150	280	0
100	182	0
50	46	0
50	45	0
100	112	0
100	178	0
50	46	0
50	44	0
150	178	0
50	50	0
50	50	0
50	79	0
50	47	0
50	46	0
50	46	0
50	47	0
50	48	0
50	46	0
50	46	0
50	120	0
100	178	0
50	45	0
100	179	0
50	47	0
150	278	0
50	47	0
50	82	0
50	114	0
50	115	0
50	114	0
50	84	0
50	47	0
50	47	0
50	45	0
50	45	0
50	47	0
50	47	0
50	43	0
50	47	0
50	46	0
50	43	0
50	42	0
50	40	0
50	40	0
50	40	0
50	40	0
50	42	0
50	42	0
50	39	0
50	38	0
50	114	0
100	177	0
100	180	0
50	40	0
50	50	0
50	42	0
50	50	0
50	42	0
50	48	0
50	50	0
50	85	0
50	42	0
50	42	0
50	82	0
50	48	0
50	48	0
50	48	0
50	75	0
50	75	0
50	75	0
50	114	0
50	76	0
50	40	0
100	179	0
100	179	0
50	40	0
50	39	0
50	44	0
50	38	0
50	85	0
100	177	0
50	77	0
50	40	0
100	180	0
50	83	0
100	181	0
50	73	0
50	44	0
100	182	0
50	75	0
50	40	0
50	40	0
100	41	0
100	38	0
100	41	0
50	118	0
150	273	0
50	39	0
150	277	0
50	43	0
50	40	0
50	39	0
100	181	0
100	182	0
100	180	0
50	41	0
50	42	0
50	42	0
100	180	0
50	76	0
100	180	0
50	79	0
50	38	0
50	43	0
50	43	0
50	44	0
50	44	0
50	44	0
50	79	0
50	79	0
50	44	0
50	117	0
50	39	0
150	278	0
100	40	0
100	39	0
100	39	0
100	38	0
100	38	0
100	39	0
100	43	0
100	39	0
100	39	0
100	39	0
50	50	0
50	45	0
50	44	0
50	44	0
50	44	0
50	44	0
50	40	0
50	39	0
50	38	0
50	44	0
50	38	0
50	78	0
150	278	0
150	280	0
50	40	0
50	45	0
50	44	0
50	39	0
150	280	0
150	278	0
100	183	0
100	183	0
50	112	0
50	39	0
50	39	0
50	38	0
50	39	0
50	41	0
50	39	0
50	38	0
100	39	0
100	39	0
100	38	0
100	75	0
100	39	0
100	39	0
100	39	0
100	39	0
100	40	0
50	39	0
50	75	0
50	39	0
50	39	0
50	39	0
50	39	0
50	39	0
50	39	0
50	39	0
50	39	0
50	39	0
50	39	0
50	39	0
50	39	0
50	39	0
200	376	0
50	39	0
50	39	0
50	39	0
50	39	0
50	39	0
50	39	0
50	39	0
50	39	0
50	39	0
50	38	0
50	39	0
50	39	0
50	119	0
50	40	0
50	39	0
100	41	0
100	38	0
100	38	0
100	41	0
100	38	0
100	38	0
100	38	0
50	115	0
100	38	0
100	40	0
100	39	0
50	38	0
100	39	0
100	38	0
100	38	0
100	38	0
100	39	0
100	38	0
100	38	0
100	39	0
100	38	0
100	38	0
100	39	0
100	39	0
100	45	0
100	40	0
100	42	0
100	40	0
100	40	0
100	43	0
100	39	0
100	39	0
100	39	0
100	39	0
100	39	0
100	42	0
100	42	0
100	39	0
100	40	0
100	73	0
100	39	0
100	38	0
100	38	0
100	39	0
100	39	0
100	45	0
100	42	0
100	43	0
100	40	0
100	46	0
100	39	0
100	38	0
100	44	0
100	42	0
100	38	0
100	38	0
50	39	0
50	39	0
50	39	0
50	39	0
100	38	0
100	39	0
150	183	0
100	39	0
100	40	0
100	39	0
100	38	0
50	39	0
50	39	0
50	39	0
50	39	0
100	38	0
100	38	0
100	38	0
100	38	0
100	38	0
150	38	0
150	41	0
150	39	0
150	44	1
100	50	0
100	56	0
100	54	0
100	55	0
100	50	0
100	46	0
100	49	0
100	47	0
100	41	0
100	42	0
100	42	0
100	39	0
100	48	0
100	40	0
100	39	0
100	39	0
100	49	0
100	41	0
100	50	0
100	54	0
100	50	0
100	50	0
100	40	0
100	50	0
100	50	0
100	41	0
100	40	0
100	40	0
100	40	0
100	40	0
100	41	0
100	50	0
100	50	0
100	49	0
100	41	0
100	40	0
100	43	0
100	54	0
100	41	0
100	40	0
100	40	0
100	47	0
100	41	0
100	40	0
100	55	0
100	51	0
100	41	0
100	45	0
100	42	0
100	40	0
100	45	0
100	76	0
100	78	0
100	42	0
100	54	0
100	55	0
100	54	0
100	55	0
100	54	0
100	54	0
100	40	0
100	40	0
100	41	0
100	41	0
100	41	0
100	41	0
100	41	0
100	41	0
100	49	0
100	41	0
100	41	0
100	41	0
50	39	0
50	39	0
50	39	0
50	39	0
50	39	0
100	41	0
50	39	0
50	39	0
50	38	0
50	39	0
50	39	0
100	38	0
50	39	0
100	41	0
100	47	0
100	47	0
100	40	0
100	53	0
100	50	0
100	41	0
100	41	0
50	39	0
100	38	0
100	38	0
100	38	0
100	38	0
100	38	0
150	146	0
100	38	0
100	38	0
100	38	0
100	38	0
100	38	0
100	40	0
100	40	0
100	50	0
100	50	0
100	51	0
100	50	0
100	50	0
100	52	0
100	50	0
100	49	0
100	50	0
100	55	0
100	40	0
100	40	0
100	42	0
100	43	0
100	42	0
100	40	0
100	49	0
100	40	0
100	47	0
100	49	0
100	49	0
100	41	0
100	49	0
100	49	0
100	40	0
100	50	0
100	40	0
100	41	0
100	55	0
100	41	0
100	47	0
100	54	0
100	41	0
100	47	0
100	49	0
100	49	0
100	51	0
100	41	0
150	41	0
150	40	0
150	41	0
150	39	0
100	49	0
100	49	0
100	49	0
100	47	0
150	39	0
150	38	0
150	39	0
150	39	0
100	41	0
100	47	0
100	41	0
150	38	0
100	48	0
100	48	0
100	48	0
100	49	0
100	49	0
100	49	0
100	41	0
100	49	0
100	41	0
100	47	0
100	48	0
100	48	0
100	41	0
100	39	0
100	39	0
100	49	0
100	49	0
100	49	0
100	49	0
100	49	0
100	49	0
100	49	0
100	49	0
100	49	0
100	49	0
100	49	0
100	49	0
100	49	0
100	49	0
100	49	0
100	49	0
100	39	0
100	40	0
100	39	0
100	39	0
100	49	0
100	49	0
100	39	0
100	49	0
100	49	0
100	47	0
100	47	0
100	47	0
100	47	0
100	47	0
100	47	0
100	47	0
100	47	0
100	39	0
100	41	0
100	47	0
100	41	0
100	41	0
100	40	0
100	41	0
100	47	0
100	47	0
100	47	0
100	47	0
100	47	0
100	47	0
100	42	0
100	47	0
100	40	0
100	47	0
100	47	0
100	47	0
100	47	0
100	47	0
100	47	0
100	47	0
100	40	0
100	40	0
100	47	0
100	40	0
