12.28.2012
16.45.21
condor_exec.exe --agent texplore --actrate 3 --explore variancenovelty --n 5 --v 2 --rom ./games/asterix.bin --history 1 --model c45tree 

Specialized environment for Asterix, uses 8 features:
0: self x position
1: self row #
2: relative x distance to object in row above self
3: ID of object in row above self
4: relative x distance to object in row below self
5: ID of object in row below self
6: relative x distance to object in current row of self
7: ID of object in current row of self
0: C4.5 Tree
1: C4.5 Tree
2: C4.5 Tree
3: C4.5 Tree
4: C4.5 Tree
5: C4.5 Tree
6: C4.5 Tree
7: C4.5 Tree
REWARD: C4.5 Tree
TERMINAL: C4.5 Tree

rhavan-24
Architecture:          x86_64
CPU op-mode(s):        32-bit, 64-bit
CPU(s):                8
Thread(s) per core:    1
Core(s) per socket:    4
CPU socket(s):         2
NUMA node(s):          1
Vendor ID:             GenuineIntel
CPU family:            6
Model:                 15
Stepping:              11
CPU MHz:               2660.358
Virtualization:        VT-x
L1d cache:             32K
L1i cache:             32K
L2 cache:              4096K
MemTotal:       33013004 kB
MemFree:        30828616 kB


score	#steps	#invld
50	101	0
50	98	0
150	85	0
50	38	0
100	102	0
50	101	0
100	129	0
50	134	0
50	122	0
50	123	0
250	310	0
50	53	0
300	309	0
300	339	0
100	125	0
100	119	0
50	59	0
100	117	0
100	117	0
100	117	0
100	112	0
150	179	0
300	401	0
250	412	0
50	53	0
50	53	0
50	120	0
100	215	0
50	59	0
50	61	0
150	303	0
100	215	0
150	304	0
600	938	0
300	449	0
600	1000	0
600	1000	0
550	1000	0
600	1000	0
600	1000	0
600	1000	0
600	1000	0
50	57	0
50	57	0
600	1000	0
600	1000	0
600	1000	0
50	51	0
50	54	0
50	58	0
50	52	0
100	57	0
50	51	0
50	53	0
50	53	0
100	57	0
600	1000	0
600	940	0
550	1000	0
50	59	0
600	1000	0
600	1000	0
600	1000	0
600	1000	0
650	1000	0
600	938	0
600	1000	0
600	1000	0
600	1000	0
600	1000	0
600	1000	0
600	1000	0
600	1000	0
600	1000	0
600	1000	0
600	1000	0
600	1000	0
600	1000	0
550	1000	0
550	1000	0
550	1000	0
550	1000	0
550	1000	0
550	1000	0
550	1000	0
550	1000	0
550	1000	0
550	1000	0
550	1000	0
600	1000	0
600	1000	0
550	1000	0
550	1000	0
600	1000	0
100	118	0
100	118	0
100	118	0
50	97	0
50	61	0
100	118	0
50	95	0
50	64	0
100	118	0
100	118	0
50	63	0
50	64	0
50	64	0
50	63	0
50	64	0
100	118	0
100	118	0
100	118	0
100	118	0
100	120	0
50	63	0
50	63	0
50	61	0
50	64	0
50	63	0
50	61	0
100	122	0
50	63	0
50	61	0
50	61	0
100	120	0
100	120	0
100	120	0
50	61	0
50	61	0
50	61	0
100	120	0
100	120	0
100	120	0
50	54	0
50	61	0
50	61	0
100	120	0
50	61	0
50	63	0
50	63	0
50	62	0
50	62	0
100	120	0
50	62	0
50	61	0
50	61	0
50	61	0
50	62	0
50	61	0
50	62	0
50	63	0
50	63	0
50	63	0
50	61	0
50	64	0
50	63	0
50	63	0
50	64	0
50	64	0
50	56	0
50	63	0
50	64	0
50	63	0
50	63	0
50	63	0
50	63	0
100	120	0
100	120	0
100	120	0
50	63	0
50	64	0
100	120	0
100	120	0
250	414	0
200	248	0
100	120	0
100	120	0
100	120	0
100	120	0
100	120	0
100	120	0
100	120	0
100	120	0
100	120	0
100	120	0
100	120	0
100	120	0
50	64	0
50	64	0
50	38	0
50	64	0
50	64	0
50	64	0
50	64	0
50	64	0
50	64	0
50	64	0
50	64	0
50	64	0
50	64	0
50	64	0
50	64	0
50	64	0
50	64	0
50	64	0
50	64	0
50	64	0
50	64	0
50	64	0
100	108	0
50	64	0
50	64	0
50	64	0
50	64	0
50	64	0
50	98	0
50	64	0
50	64	0
50	64	0
50	63	0
50	64	0
50	64	0
50	64	0
50	64	0
50	64	0
50	64	0
50	64	0
50	64	0
50	64	0
50	64	0
50	64	0
50	64	0
50	64	0
50	64	0
50	64	0
50	64	0
50	64	0
50	64	0
100	121	0
50	64	0
100	121	0
50	64	0
50	64	0
50	64	0
50	63	0
50	63	0
50	64	0
50	64	0
50	64	0
50	64	0
50	64	0
50	64	0
50	64	0
50	64	0
50	64	0
50	64	0
50	64	0
50	64	0
50	64	0
50	64	0
50	64	0
50	64	0
50	64	0
50	64	0
50	64	0
100	120	0
50	64	0
100	121	0
100	120	0
100	120	0
100	120	0
100	124	0
100	122	0
100	122	0
100	122	0
100	120	0
100	120	0
100	120	0
100	120	0
100	120	0
50	64	0
100	120	0
50	64	0
50	64	0
50	64	0
50	64	0
50	64	0
50	64	0
50	64	0
50	64	0
100	120	0
50	64	0
100	120	0
100	120	0
100	120	0
100	120	0
100	120	0
50	64	0
50	64	0
100	120	0
50	64	0
50	64	0
50	64	0
50	64	0
50	64	0
50	64	0
50	64	0
50	64	0
50	64	0
50	64	0
50	64	0
50	64	0
50	64	0
50	64	0
50	64	0
50	64	0
50	64	0
50	64	0
50	64	0
50	64	0
50	64	0
50	64	0
50	64	0
50