12.28.2012
16.12.08
condor_exec.exe --agent texplore --actrate 3 --explore variancenovelty --n 5 --v 2 --rom ./games/asterix.bin --history 1 --model c45tree 

Specialized environment for Asterix, uses 8 features:
0: self x position
1: self row #
2: relative x distance to object in row above self
3: ID of object in row above self
4: relative x distance to object in row below self
5: ID of object in row below self
6: relative x distance to object in current row of self
7: ID of object in current row of self
0: C4.5 Tree
1: C4.5 Tree
2: C4.5 Tree
3: C4.5 Tree
4: C4.5 Tree
5: C4.5 Tree
6: C4.5 Tree
7: C4.5 Tree
REWARD: C4.5 Tree
TERMINAL: C4.5 Tree

sudheendra
Architecture:          x86_64
CPU op-mode(s):        32-bit, 64-bit
CPU(s):                24
Thread(s) per core:    2
Core(s) per socket:    6
CPU socket(s):         2
NUMA node(s):          2
Vendor ID:             GenuineIntel
CPU family:            6
Model:                 44
Stepping:              2
CPU MHz:               3458.101
Virtualization:        VT-x
L1d cache:             32K
L1i cache:             32K
L2 cache:              256K
L3 cache:              12288K
MemTotal:       198480364 kB
MemFree:        112739252 kB


score	#steps	#invld
50	53	0
300	188	0
100	47	0
100	52	0
50	50	0
100	49	0
100	117	0
50	47	0
50	46	0
50	48	0
50	145	0
200	145	0
100	53	0
150	118	0
100	48	0
50	55	0
50	48	0
100	48	0
200	315	0
600	1000	0
150	200	0
600	1000	0
100	56	0
650	1000	0
450	705	0
350	639	0
150	215	0
150	312	0
350	504	0
250	509	0
300	511	0
50	121	0
50	112	0
300	607	0
150	315	0
250	508	0
100	216	0
150	314	0
100	218	0
250	509	0
100	211	0
100	218	0
100	216	0
50	118	0
50	110	0
50	121	0
100	218	0
50	120	0
50	121	0
50	121	0
100	218	0
100	220	0
100	220	0
100	218	0
100	222	0
100	218	0
100	112	0
100	222	0
100	222	0
150	318	0
150	313	0
200	408	0
200	408	0
300	545	0
250	437	0
150	313	0
150	313	0
150	313	0
100	104	0
250	410	0
100	124	0
100	102	0
350	508	0
150	218	0
300	319	0
500	712	0
300	318	0
200	252	0
250	315	0
100	119	0
0	45	0
100	124	0
200	202	0
50	59	0
100	124	0
350	339	0
450	406	0
300	261	0
300	414	0
450	514	0
100	134	0
100	122	0
150	122	0
100	120	0
100	120	0
100	121	0
100	122	0
200	197	0
250	237	0
250	238	0
100	114	0
450	434	0
200	197	0
200	197	0
200	197	0
100	115	0
100	110	0
250	237	0
250	237	0
250	237	0
200	200	0
100	120	0
100	120	0
100	120	0
100	120	0
100	120	0
150	123	0
150	122	0
150	120	0
150	121	0
100	121	0
200	200	0
100	120	0
100	120	0
100	120	0
100	121	0
100	121	0
100	121	0
100	112	0
200	197	0
250	237	0
200	200	0
250	237	0
200	218	0
250	237	0
250	238	0
250	239	0
300	414	0
300	414	0
300	414	0
450	577	0
500	612	0
100	122	0
100	112	0
100	106	0
400	555	0
200	220	0
50	56	0
50	56	0
100	106	0
100	104	0
100	122	0
100	122	0
100	120	0
100	120	0
100	120	0
100	120	0
100	120	0
100	122	0
100	122	0
100	122	0
100	122	0
200	217	0
400	415	0
350	414	0
350	414	0
350	414	0
100	124	0
100	114	0
150	119	0
100	122	0
150	130	0
100	112	0
350	420	0
500	601	0
100	112	0
100	112	0
100	112	0
100	112	0
100	112	0
100	112	0
100	112	0
100	112	0
100	122	0
100	124	0
100	123	0
100	123	0
250	273	0
100	124	0
200	200	0
250	273	0
200	198	0
100	109	0
250	273	0
200	199	0
200	202	0
200	219	0
200	219	0
250	218	0
250	218	0
200	199	0
200	201	0
100	115	0
500	610	0
500	614	0
300	415	0
250	218	0
200	198	0
100	112	0
100	110	0
100	110	0
100	110	0
100	110	0
100	110	0
100	110	0
100	109	0
100	109	0
100	109	0
100	109	0
100	108	0
100	105	0
100	105	0
300	414	0
300	414	0
300	414	0
300	414	0
300	414	0
250	266	0
250	266	0
250	266	0
200	217	0
250	221	0
250	218	0
250	219	0
200	219	0
500	809	0
100	134	0
100	131	0
200	219	0
200	219	0
500	683	0
250	239	0
950	884	0
200	199	0
200	198	0
200	199	0
200	199	0
200	199	0
200	199	0
900	999	0
100	112	0
100	121	0
250	230	0
100	126	0
100	112	0
200	198	0
100	112	0
100	109	0
100	109	0
100	109	0
200	199	0
100	109	0
100	109	0
200	216	0
100	109	0
100	110	0
100	110	0
100	110	0
50	57	0
50	55	0
100	105	0
100	101	0
100	101	0
100	126	0
100	122	0
100	122	0
100	107	0
100	122	0
100	110	0
100	101	0
100	125	0
50	58	0
50	61	0
100	99	0
100	111	0
100	105	0
50	61	0
100	110	13
200	196	1
200	196	1
50	61	0
250	237	1
5