12.28.2012
16.12.08
condor_exec.exe --agent texplore --actrate 3 --explore variancenovelty --n 5 --v 2 --rom ./games/asterix.bin --history 1 --model c45tree 

Specialized environment for Asterix, uses 8 features:
0: self x position
1: self row #
2: relative x distance to object in row above self
3: ID of object in row above self
4: relative x distance to object in row below self
5: ID of object in row below self
6: relative x distance to object in current row of self
7: ID of object in current row of self
0: C4.5 Tree
1: C4.5 Tree
2: C4.5 Tree
3: C4.5 Tree
4: C4.5 Tree
5: C4.5 Tree
6: C4.5 Tree
7: C4.5 Tree
REWARD: C4.5 Tree
TERMINAL: C4.5 Tree

sudheendra
Architecture:          x86_64
CPU op-mode(s):        32-bit, 64-bit
CPU(s):                24
Thread(s) per core:    2
Core(s) per socket:    6
CPU socket(s):         2
NUMA node(s):          2
Vendor ID:             GenuineIntel
CPU family:            6
Model:                 44
Stepping:              2
CPU MHz:               3458.101
Virtualization:        VT-x
L1d cache:             32K
L1i cache:             32K
L2 cache:              256K
L3 cache:              12288K
MemTotal:       198480364 kB
MemFree:        112917728 kB


score	#steps	#invld
100	49	0
100	48	0
50	38	0
50	59	0
100	45	0
100	40	0
100	51	0
250	184	0
100	51	0
150	42	1
50	50	0
100	49	0
100	41	0
50	64	0
50	48	0
150	62	0
50	45	0
50	40	0
100	47	0
250	117	0
200	185	0
150	52	0
100	46	0
100	51	0
100	52	0
100	64	0
150	89	0
150	53	0
100	49	1
150	83	0
100	128	0
100	53	0
150	134	0
100	64	0
150	133	0
50	48	0
50	58	0
150	59	0
50	126	0
50	56	0
50	50	0
200	214	0
250	213	0
150	120	0
250	183	0
150	112	0
50	41	0
150	133	0
50	52	0
100	45	0
100	42	0
150	43	0
100	41	0
100	40	0
50	40	0
150	45	0
150	38	0
50	39	0
250	201	0
50	46	0
50	42	0
50	110	0
250	221	0
100	113	0
50	41	0
50	110	0
50	43	0
50	40	0
50	40	0
50	42	0
50	39	0
50	39	0
50	46	0
50	43	0
50	44	0
50	46	0
50	42	0
50	40	0
50	47	0
50	39	0
50	46	0
50	43	0
50	39	0
50	40	0
50	42	0
50	43	0
50	40	0
50	39	0
50	40	0
50	39	0
50	47	0
50	45	0
50	44	0
50	44	0
50	45	0
50	42	0
50	40	0
150	110	0
150	108	0
300	292	0
150	107	0
450	691	0
250	219	0
150	109	0
150	109	0
300	244	0
350	250	0
300	293	0
250	247	0
100	65	0
100	65	0
350	355	0
600	550	0
250	290	0
150	109	0
100	45	0
100	42	0
350	389	0
200	135	0
200	164	0
350	428	0
250	221	0
300	358	0
450	464	0
100	80	0
200	129	0
100	109	0
100	109	0
200	200	0
250	255	0
100	112	0
50	47	0
50	47	0
50	47	0
100	107	0
50	47	0
50	47	0
50	47	0
50	47	0
50	47	0
50	45	0
50	45	0
50	45	0
50	45	0
50	45	0
50	45	0
50	45	0
50	45	0
50	45	0
50	45	0
300	258	0
100	109	0
100	119	0
100	109	0
250	225	0
250	198	0
100	109	0
100	101	0
500	535	0
400	397	0
100	100	0
250	288	0
100	110	0
200	202	0
100	131	0
250	256	0
250	256	0
250	216	0
50	45	0
50	45	0
50	47	0
50	47	0
50	45	0
50	45	0
50	45	0
50	45	0
50	45	0
50	45	0
50	45	0
50	45	0
50	45	0
50	45	0
50	45	0
300	236	0
100	38	0
250	271	0
150	201	0
250	256	0
50	45	0
50	45	0
50	45	0
450	433	0
400	431	0
250	256	0
250	236	0
350	345	1
50	45	0
50	45	0
50	45	0
50	45	0
150	106	0
100	118	0
100	133	0
50	45	0
50	45	0
50	45	0
50	45	0
50	45	0
50	45	0
50	45	0
50	45	0
50	45	0
50	45	0
50	45	0
50	45	0
50	40	0
50	45	0
50	47	0
50	47	0
50	47	0
50	47	0
50	47	0
50	47	0
50	45	0
50	45	0
50	45	0
50	43	0
50	43	0
50	47	0
50	47	0
50	47	0
50	43	0
50	43	0
50	45	0
50	45	0
50	45	0
50	45	0
50	43	0
50	43	0
50	43	0
50	43	0
50	43	0
50	43	0
50	43	0
50	39	0
50	39	0
50	43	0
50	43	0
50	43	0
50	39	0
50	39	0
50	43	0
50	43	0
50	43	0
50	43	0
50	43	0
50	43	0
50	39	0
50	40	0
50	43	0
50	43	0
50	43	0
50	39	0
50	39	0
50	39	0
50	39	0
50	39	0
50	44	0
50	43	0
50	43	0
50	43	0
50	43	0
50	47	0
50	47	0
50	45	0
50	45	0
50	45	0
250	256	0
250	256	0
50	45	0
50	45	0
200	177	0
100	39	0
200	177	0
100	39	0
250	255	0
250	299	0
300	223	0
300	242	0
50	47	0
50	47	0
50	43	0
50	44	0
50	43	0
50	39	0
50	39	0
50	39	0
50	39	0
50	39	0
50	39	0
50	39	0
50	43	0
50	45	0
50	45	0
50	45	0
50	45	0
50	45	0
50	45	0
50	45	0
50	47	0
50	47	0
50	43	0
50	45	0
50	47	0
50	47	0
50	47	0
300	270	0
50	39	0
50	39	0
50	39	0
50	39	0
50	39	0
50	39	0
50	39	0
50	39	0
50	39	0
50	39	0
50	39	0
50	39	0
100	39	0
100	44	0
100	39	0
100	39	0
100	39	0
150	108	0
250	200	0
300	217	0
100	39	0
100	39	0
50	39	0
50	39	0
50	39	0
50	39	0
50	45	0
100	39	0
100	39	0
100	39	0
100	39	0
100	39	0
50	45	0
50	45	0
50	43	0
50	45	0
50	45	0
50	45	0
50	45	0
50	45	0
50	45	0
50	45	0
50	45	0
50	45	0
50	45	0
50	45	0
50	45	0
50	45	0
50	45	0
50	45	0
50	45	0
50	45	0
50	45	0
50	45	0
50	45	0
50	45	0
50	45	0
50	45	0
50	45	0
50	45	0
50	45	0
50	45	0
50	45	0
50	45	0
50	45	0
50	45	0
50	45	0
50	45	0
50	45	0
50	45	0
50	45	0
50	45	0
50	45	0
50	45	0
50	45	0
50	45	0
50	45	0
50	45	0
50	45	0
50	45	0
50	45	0
50	45	0
50	45	0
50	45	0
50	45	0
50	45	0
50	45	0
50	45	0
50	45	0
200	130	0
300	217	0
150	155	0
50	45	0
50	45	0
50	45	0
50	45	0
50	45	0
50	45	0
250	253	0
250	217	0
250	217	0
200	214	0
250	271	0
300	252	0
200	177	0
100	110	0
100	133	0
100	110	0
100	168	0
100	107	0
100	110	0
100	110	0
100	110	0
100	109	0
100	109	0
100	109	0
250	250	0
250	217	0
200	178	0
100	114	0
100	159	0
100	110	0
200	178	0
100	39	0
100	39	0
100	39	0
100	39	0
100	39	0
100	39	0
100	43	0
100	41	0
100	41	0
100	109	0
100	47	0
100	39	0
100	39	0
100	39	0
100	39	0
100	39	0
100	39	0
250	217	0
250	217	0
150	143	0
150	143	0
150	143	0
100	110	0
200	178	0
300	217	0
200	132	0
200	130	0
200	130	0
200	160	0
200	130	0
200	178	0
200	178	0
250	254	0
250	254	0
400	361	0
250	198	0
300	290	0
250	208	0
150	106	0
250	217	0
100	112	0
250	253	0
250	220	0
100	112	0
150	117	0
150	106	0
150	114	0
250	241	0
200	189	0
100	112	0
200	125	0
200	126	0
250	285	0
250	255	0
350	324	0
400	496	0
200	123	0
200	120	0
150	107	0
250	256	0
150	137	0
100	44	0
100	44	0
150	102	0
150	102	0
100	39	0
150	130	0
250	203	0
200	126	0
200	112	0
250	269	0
200	132	0
500	547	0
450	443	0
200	199	0
350	318	0
350	397	0
150	143	0
100	130	0
100	131	0
100	130	0
50	47	0
50	47	0
50	47	0
50	47	0
50	47	0
100	130	0
100	109	0
300	317	0
150	104	0
400	326	0
300	400	0
100	44	0
150	104	0
100	103	0
300	207	0
200	123	0
150	103	0
350	498	0
150	130	0
150	201	0
150	203	0
150	201	0
100	53	0
100	50	0
100	51	0
100	50	0
100	47	0
150	204	0
300	400	0
400	390	0
300	400	0
300	302	0
300	174	0
300	358	0
300	316	0
200	223	0
200	207	0
300	316	0
200	178	0
200	178	0
200	178	0
100	104	0
100	110	0
200	178	0
100	140	0
200	178	0
100	130	0
100	121	0
150	145	0
150	145	0
150	192	0
100	61	0
100	59	0
100	128	0
100	128	0
150	143	0
100	128	0
100	128	0
200	260	0
300	289	0
350	321	0
750	823	0
350	321	0
200	200	0
100	58	0
100	58	0
250	303	0
350	321	0
100	103	0
100	61	0
100	61	0
100	48	0
100	48	0
100	60	0
350	321	0
550	486	0
600	591	0
100	121	0
100	121	0
