12.28.2012
16.45.37
condor_exec.exe --agent texplore --actrate 3 --explore variancenovelty --n 5 --v 2 --rom ./games/asterix.bin --history 1 --model c45tree 

Specialized environment for Asterix, uses 8 features:
0: self x position
1: self row #
2: relative x distance to object in row above self
3: ID of object in row above self
4: relative x distance to object in row below self
5: ID of object in row below self
6: relative x distance to object in current row of self
7: ID of object in current row of self
0: C4.5 Tree
1: C4.5 Tree
2: C4.5 Tree
3: C4.5 Tree
4: C4.5 Tree
5: C4.5 Tree
6: C4.5 Tree
7: C4.5 Tree
REWARD: C4.5 Tree
TERMINAL: C4.5 Tree

glamdring-4
Architecture:          x86_64
CPU op-mode(s):        32-bit, 64-bit
CPU(s):                40
Thread(s) per core:    2
Core(s) per socket:    10
CPU socket(s):         2
NUMA node(s):          2
Vendor ID:             GenuineIntel
CPU family:            6
Model:                 47
Stepping:              2
CPU MHz:               2394.210
Virtualization:        VT-x
L1d cache:             32K
L1i cache:             32K
L2 cache:              256K
L3 cache:              30720K
MemTotal:       529430880 kB
MemFree:        434671392 kB


score	#steps	#invld
100	58	0
100	107	0
100	38	0
50	47	0
100	45	0
100	55	0
50	62	0
50	53	0
450	787	0
200	396	0
50	45	0
50	47	0
50	43	0
50	47	0
0	44	0
50	47	0
50	47	0
50	43	0
50	45	0
50	43	0
50	43	0
50	43	0
50	41	0
50	41	0
50	41	0
50	45	0
50	47	0
50	79	0
50	43	0
50	45	0
50	47	0
50	41	0
100	185	0
50	117	0
50	118	0
50	114	0
50	114	0
50	43	0
50	114	0
50	43	0
50	76	0
50	80	0
50	83	0
50	43	0
50	45	0
50	43	0
100	204	0
50	43	0
50	43	0
50	47	0
50	43	0
50	47	0
50	45	0
50	43	0
50	43	0
50	47	0
50	47	0
50	47	0
50	47	0
50	47	0
50	47	0
50	47	0
50	47	0
50	47	0
50	49	0
50	47	0
50	47	0
50	47	0
50	47	0
50	47	0
50	47	0
50	47	0
50	47	0
50	47	0
50	49	0
50	83	0
50	49	0
50	49	0
50	51	0
50	51	0
50	51	0
50	49	0
50	47	0
50	49	0
50	51	0
50	47	0
50	49	0
50	49	0
50	49	0
50	47	0
50	49	0
50	49	0
50	47	0
50	47	0
50	47	0
50	47	0
50	47	0
50	47	0
50	47	0
50	47	0
50	47	0
50	47	0
50	47	0
50	47	0
50	47	0
50	47	0
50	47	0
50	47	0
50	47	0
50	47	0
50	47	0
50	47	0
50	47	0
50	47	0
50	47	0
50	47	0
50	47	0
50	47	0
50	47	0
50	45	0
50	47	0
50	47	0
50	47	0
50	47	0
50	47	0
50	47	0
50	47	0
50	47	0
50	47	0
50	47	0
50	47	0
50	47	0
50	47	0
50	47	0
50	47	0
50	45	0
50	45	0
50	45	0
50	45	0
50	43	0
50	47	0
50	47	0
50	47	0
50	45	0
50	47	0
50	47	0
50	45	0
50	47	0
50	45	0
50	45	0
50	45	0
50	45	0
50	45	0
50	45	0
50	45	0
50	45	0
50	45	0
50	45	0
50	45	0
50	45	0
50	45	0
50	45	0
50	45	0
50	45	0
50	45	0
50	43	0
50	43	0
50	43	0
50	43	0
50	43	0
50	45	0
50	45	0
50	45	0
50	45	0
50	45	0
50	45	0
50	45	0
50	43	0
50	43	0
50	43	0
50	43	0
50	43	0
50	43	0
50	43	0
50	45	0
50	45	0
50	45	0
50	45	0
50	45	0
50	43	0
50	43	0
50	43	0
50	43	0
50	45	0
50	45	0
50	45	0
50	45	0
50	45	0
50	45	0
50	45	0
50	45	0
50	45	0
50	45	0
50	45	0
50	45	0
50	45	0
50	45	0
50	45	0
50	45	0
50	45	0
50	45	0
50	45	0
50	45	0
50	45	0
50	45	0
50	45	0
50	45	0
50	45	0
50	45	0
50	45	0
50	45	0
50	45	0
50	45	0
50	45	0
50	45	0
50	45	0
50	45	0
50	45	0
50	45	0
50	45	0
50	45	0
50	45	0
50	45	0
50	45	0
50	45	0
50	45	0
50	45	0
50	45	0
50	45	0
50	45	0
50	45	0
50	45	0
50	45	0
50	45	0
50	45	0
50	45	0
50	45	0
50	45	0
50	45	0
50	45	0
50	45	0
50	45	0
50	45	0
50	45	0
50	45	0
50	45	0
50	45	0
50	45	0
50	45	0
50	45	0
50	45	0
50	45	0
50	45	0
50	45	0
50	45	0
50	45	0
50	45	0
50	45	0
50	45	0
50	45	0
50	45	0
50	45	0
50	45	0
50	45	0
50	45	0
50	45	0
50	45	0
50	45	0
50	45	0
50	45	0
50	47	0
50	47	0
50	47	0
50	47	0
50	47	0
50	47	0
50	47	0
50	47	0
50	47	0
50	47	0
50	47	0
50	47	0
50	47	0
50	47	0
50	47	0
50	47	0
50	47	0
50	47	0
50	47	0
50	47	0
50	47	0
50	47	0
50	47	0
50	47	0
50	47	0
50	47	0
50	47	0
50	47	0
50	47	0
50	47	0
50	47	0
50	47	0
50	47	0
50	47	0
50	47	0
50	47	0
50	47	0
50	47	0
50	47	0
50	47	0
50	47	0
50	47	0
50	47	0
50	47	0
50	47	0
50	47	0
50	47	0
50	47	0
50	47	0
50	47	0
50	47	0
50	47	0
50	47	0
50	47	0
50	47	0
50	47	0
50	47	0
50	47	0
50	47	0
50	47	0
50	47	0
50	47	0
50	47	0
50	47	0
50	47	0
50	47	0
50	47	0
50	47	0
50	47	0
50	47	0
50	47	0
50	47	0
50	47	0
50	47	0
50	47	0
50	47	0
50	47	0
50	47	0
50	47	0
50	47	0
50	47	0
50	47	0
50	47	0
50	47	0
50	47	0
50	47	0
50	47	0
50	47	0
50	47	0
50	47	0
50	47	0
50	47	0
50	47	0
50	47	0
50	47	0
50	47	0
50	47	0
50	47	0
50	47	0
50	47	0
50	47	0
50	47	0
50	47	0
50	47	0
50	47	0
50	47	0
50	47	0
50	47	0
50	47	0
50	47	0
50	47	0
50	47	0
50	47	0
50	47	0
50	47	0
50	47	0
50	47	0
50	47	0
50	47	0
50	47	0
50	47	0
50	47	0
50	47	0
50	47	0
50	47	0
50	47	0
50	47	0
50	47	0
50	47	0
50	47	0
50	47	0
50	47	0
50	47	0
50	47	0
50	47	0
50	49	0
50	47	0
50	49	0
50	49	0
50	47	0
50	47	0
50	47	0
50	47	0
50	47	0
50	47	0
50	47	0
50	47	0
50	47	0
50	49	0
50	47	0
100	206	0
50	49	0
50	49	0
50	47	0
50	108	0
50	47	0
50	47	0
50	47	0
50	47	0
50	47	0
100	47	0
50	89	0
50	47	0
50	47	0
50	47	0
50	47	0
50	47	0
50	47	0
50	47	0
50	47	0
50	49	0
50	49	0
50	47	0
50	47	0
50	47	0
50	47	0
50	47	0
50	47	0
50	47	0
50	47	0
50	47	0
50	47	0
50	47	0
50	47	0
50	47	0
50	47	0
50	47	0
50	47	0
50	47	0
50	47	0
50	47	0
50	47	0
50	47	0
50	47	0
50	47	0
50	47	0
50	47	0
50	47	0
50	47	0
50	49	0
50	49	0
50	47	0
50	47	0
50	47	0
50	47	0
50	47	0
50	47	0
50	47	0
50	47	0
50	47	0
50	47	0
50	47	0
50	47	0
50	47	0
50	47	0
50	47	0
50	49	0
50	47	0
50	47	0
50	47	0
50	47	0
50	47	0
50	47	0
50	47	0
50	47	0
50	47	0
50	47	0
50	47	0
50	49	0
50	49	0
50	49	0
50	49	0
50	49	0
50	49	0
50	49	0
50	49	0
50	49	0
50	49	0
50	47	0
50	47	0
50	47	0
50	47	0
50	47	0
50	47	0
50	47	0
50	47	0
50	47	0
50	47	0
50	47	0
50	47	0
50	47	0
50	47	0
50	47	0
50	47	0
50	47	0
50	47	0
50	47	0
50	47	0
50	47	0
50	47	0
50	49	0
50	47	0
50	47	0
50	47	0
50	47	0
50	47	0
50	47	0
50	47	0
50	47	0
50	47	0
50	47	0
50	47	0
50	47	0
50	47	0
50	47	0
50	47	0
50	47	0
50	47	0
50	47	0
50	47	0
50	47	0
50	47	0
50	47	0
50	47	0
50	49	0
50	49	0
50	49	0
50	49	0
50	47	0
50	47	0
50	47	0
50	47	0
50	47	0
50	47	0
50	47	0
50	47	0
50	47	0
50	47	0
50	47	0
50	47	0
50	47	0
50	47	0
50	47	0
50	47	0
50	47	0
50	47	0
50	47	0
50	47	0
50	47	0
50	47	0
50	47	0
50	47	0
50	47	0
50	47	0
50	47	0
50	47	0
50	47	0
50	47	0
50	47	0
50	47	0
