12.28.2012
16.12.08
condor_exec.exe --agent texplore --actrate 3 --explore variancenovelty --n 5 --v 2 --rom ./games/asterix.bin --history 1 --model c45tree 

Specialized environment for Asterix, uses 8 features:
0: self x position
1: self row #
2: relative x distance to object in row above self
3: ID of object in row above self
4: relative x distance to object in row below self
5: ID of object in row below self
6: relative x distance to object in current row of self
7: ID of object in current row of self
0: C4.5 Tree
1: C4.5 Tree
2: C4.5 Tree
3: C4.5 Tree
4: C4.5 Tree
5: C4.5 Tree
6: C4.5 Tree
7: C4.5 Tree
REWARD: C4.5 Tree
TERMINAL: C4.5 Tree

sudheendra
Architecture:          x86_64
CPU op-mode(s):        32-bit, 64-bit
CPU(s):                24
Thread(s) per core:    2
Core(s) per socket:    6
CPU socket(s):         2
NUMA node(s):          2
Vendor ID:             GenuineIntel
CPU family:            6
Model:                 44
Stepping:              2
CPU MHz:               3458.101
Virtualization:        VT-x
L1d cache:             32K
L1i cache:             32K
L2 cache:              256K
L3 cache:              12288K
MemTotal:       198480364 kB
MemFree:        112668440 kB


score	#steps	#invld
100	46	0
50	118	0
50	59	0
250	249	0
50	52	0
100	48	3
350	310	0
250	216	0
150	114	0
250	216	0
250	214	0
150	146	0
50	47	0
250	211	0
250	210	0
100	117	0
150	145	0
250	211	0
250	212	0
250	259	0
50	49	0
50	49	0
50	51	0
200	152	0
250	212	0
200	122	0
100	49	0
500	310	0
100	56	0
500	309	3
350	248	0
100	60	0
350	211	0
100	47	0
100	52	0
100	53	0
100	53	0
100	51	0
100	51	0
500	309	0
100	52	0
50	44	0
50	42	0
50	42	0
50	50	0
50	43	0
350	241	0
400	251	0
100	51	0
100	53	0
350	212	0
100	51	0
100	51	0
100	51	0
100	51	0
100	51	0
250	150	0
350	213	0
100	51	0
250	149	0
100	51	0
100	51	0
400	248	0
50	55	0
350	254	9
50	56	0
50	56	0
50	55	0
50	49	0
50	49	0
50	55	0
50	55	0
50	48	0
50	55	0
50	55	0
50	49	0
50	49	0
50	50	0
50	49	0
50	50	0
50	49	0
50	49	0
50	50	0
50	50	0
50	49	0
50	54	0
50	54	0
50	45	0
50	50	0
50	49	0
50	55	0
50	55	0
50	55	0
50	55	0
50	55	0
50	55	0
50	55	0
50	55	0
50	55	0
50	55	0
50	55	0
50	55	0
50	55	0
50	55	0
50	55	0
50	55	0
50	55	0
50	55	0
50	55	0
50	51	0
100	49	0
50	52	0
50	51	0
50	51	0
50	51	0
100	51	0
100	43	0
100	51	0
100	51	0
100	56	0
100	51	0
100	51	0
100	51	0
100	51	0
100	51	0
100	51	0
100	51	0
100	53	0
100	53	0
100	51	0
100	52	0
100	53	0
100	54	0
50	39	0
100	48	0
100	46	0
100	51	0
100	53	0
150	53	0
200	143	0
100	54	0
100	53	0
100	55	0
100	55	0
250	153	0
100	56	0
100	56	0
100	53	0
100	53	0
100	55	0
100	55	0
100	55	0
100	55	0
100	55	0
100	55	0
100	55	0
100	55	0
100	55	0
100	55	0
100	55	0
100	55	0
350	241	0
300	218	0
150	53	0
150	50	0
300	118	0
100	55	0
100	55	0
100	55	0
100	55	0
100	55	0
100	55	0
100	55	0
100	55	0
100	55	0
100	55	0
100	55	0
100	55	0
100	55	0
100	55	0
100	55	0
100	55	0
250	215	0
300	118	0
150	117	0
300	118	0
100	55	0
400	218	0
350	210	0
300	118	0
300	118	0
400	210	0
300	153	0
50	55	0
50	55	0
50	55	0
50	55	0
200	153	0
50	55	0
50	55	0
50	55	0
50	55	0
50	55	0
50	55	0
50	55	0
50	55	0
50	55	0
50	56	0
50	55	0
50	55	0
50	55	0
50	55	0
50	55	0
50	55	0
50	55	0
50	55	0
50	55	0
50	55	0
50	55	0
50	55	0
50	56	0
50	56	0
50	56	0
50	55	0
550	305	0
100	107	0
50	55	0
100	107	0
100	55	0
100	55	0
150	83	0
150	46	0
150	45	0
150	45	0
150	45	0
150	44	0
150	43	0
150	43	0
100	55	0
50	56	0
150	44	0
100	42	0
100	44	0
150	56	0
100	46	0
100	45	0
100	42	0
100	42	0
150	43	0
250	124	0
150	43	0
150	44	0
150	44	0
150	43	0
100	43	0
100	43	0
200	114	0
150	56	0
100	43	0
250	124	0
100	43	0
200	126	0
150	42	0
200	126	0
250	124	0
250	124	0
250	124	0
200	126	0
200	126	0
200	126	0
150	119	0
250	124	0
150	120	0
150	113	0
150	115	0
250	124	0
150	113	0
250	124	0
150	112	0
150	119	0
150	119	0
150	112	0
150	119	0
250	124	0
200	124	0
250	126	0
250	124	0
150	120	0
150	120	0
250	124	0
250	124	0
150	120	0
250	124	0
250	124	0
150	120	0
150	120	0
150	120	0
250	124	0
250	124	0
250	124	0
150	120	0
250	124	0
250	126	0
250	124	0
250	124	0
150	120	0
150	119	0
250	124	0
200	149	0
250	124	0
250	124	0
250	124	0
400	251	0
250	129	0
250	124	0
150	112	0
150	112	0
150	119	0
150	119	0
150	119	0
150	119	0
150	120	0
150	120	0
250	196	0
150	120	0
150	120	0
150	120	0
150	120	0
150	121	0
150	121	0
150	121	0
150	121	0
150	121	0
150	121	0
