12.28.2012
16.46.32
condor_exec.exe --agent texplore --actrate 3 --explore variancenovelty --n 5 --v 2 --rom ./games/asterix.bin --history 1 --model c45tree 

Specialized environment for Asterix, uses 8 features:
0: self x position
1: self row #
2: relative x distance to object in row above self
3: ID of object in row above self
4: relative x distance to object in row below self
5: ID of object in row below self
6: relative x distance to object in current row of self
7: ID of object in current row of self
0: C4.5 Tree
1: C4.5 Tree
2: C4.5 Tree
3: C4.5 Tree
4: C4.5 Tree
5: C4.5 Tree
6: C4.5 Tree
7: C4.5 Tree
REWARD: C4.5 Tree
TERMINAL: C4.5 Tree

glamdring-7
Architecture:          x86_64
CPU op-mode(s):        32-bit, 64-bit
CPU(s):                40
Thread(s) per core:    2
Core(s) per socket:    10
CPU socket(s):         2
NUMA node(s):          2
Vendor ID:             GenuineIntel
CPU family:            6
Model:                 47
Stepping:              2
CPU MHz:               2393.867
Virtualization:        VT-x
L1d cache:             32K
L1i cache:             32K
L2 cache:              256K
L3 cache:              30720K
MemTotal:       529430880 kB
MemFree:        479272360 kB


score	#steps	#invld
50	51	0
50	51	0
100	38	0
100	46	0
150	57	0
100	51	0
100	62	0
100	39	0
300	115	0
100	49	0
250	117	0
50	47	0
50	115	0
50	51	0
50	52	0
100	110	0
50	51	0
50	102	0
50	103	0
50	102	0
50	101	0
50	101	0
100	38	0
100	38	0
200	395	0
550	1000	0
250	493	0
250	494	0
50	101	0
50	103	0
200	398	0
50	103	0
50	103	0
50	104	0
150	301	0
300	496	0
100	198	0
50	39	0
50	104	0
50	82	0
150	201	0
50	104	0
150	203	0
50	40	0
50	104	0
50	104	0
50	51	0
50	50	0
250	302	0
100	101	0
50	108	0
50	49	0
100	104	0
100	101	0
100	103	0
100	102	0
100	101	0
100	101	0
300	299	0
100	102	0
100	101	0
100	103	0
100	102	0
200	223	0
100	108	0
100	107	0
150	123	0
100	101	0
100	101	0
100	101	0
200	201	0
100	101	0
100	101	0
100	101	0
100	103	0
100	103	0
100	103	0
100	101	0
100	60	0
100	101	0
50	43	0
100	101	0
50	45	0
100	111	0
50	45	0
100	101	0
100	101	0
100	101	0
100	101	0
100	101	0
50	45	0
50	45	0
50	45	0
100	101	0
100	101	0
200	201	0
250	211	0
150	101	0
100	101	0
100	110	0
100	102	0
100	102	0
100	102	0
100	102	0
50	45	0
50	47	0
50	45	0
50	47	0
50	45	0
50	45	0
50	45	0
50	46	0
50	49	0
50	49	0
50	49	0
100	54	0
100	102	0
50	47	0
50	77	0
100	110	8
100	103	0
50	45	0
50	47	0
50	53	0
50	38	0
50	41	0
50	42	0
100	101	0
50	45	0
100	101	0
100	54	1
50	45	0
50	45	0
50	45	0
50	45	0
50	45	0
50	45	0
50	45	0
50	47	0
50	45	0
50	47	0
50	45	0
100	54	1
100	54	2
100	54	1
50	45	0
50	45	0
50	45	0
50	45	0
50	47	0
50	47	0
50	49	0
50	49	0
50	45	0
50	47	0
50	47	0
50	47	0
50	47	0
50	47	0
50	47	0
50	47	0
50	47	0
50	45	0
50	47	0
50	47	0
50	45	0
50	45	0
100	54	0
50	45	0
50	47	0
50	47	0
50	47	0
50	47	0
50	47	0
50	49	0
50	49	0
50	47	0
50	47	0
50	47	0
50	49	0
50	49	0
50	49	0
50	47	0
50	47	0
50	49	0
50	49	0
50	49	0
50	49	0
50	45	0
100	49	0
50	45	0
50	45	0
50	47	0
50	47	0
50	45	0
150	115	0
50	41	0
100	54	0
150	113	0
100	101	0
100	110	0
100	102	0
100	104	0
100	104	0
200	193	0
200	120	0
150	184	142
200	121	0
150	85	0
100	102	0
100	110	0
100	101	0
100	101	0
100	104	0
100	112	0
50	45	0
100	119	0
150	113	0
50	51	0
100	109	0
100	108	0
300	250	0
100	108	0
100	101	0
50	45	0
50	45	0
50	45	0
50	47	0
50	47	0
50	45	0
50	45	0
50	45	0
50	47	0
50	47	0
100	115	0
50	38	0
50	38	0
50	47	0
50	45	0
50	47	0
50	47	0
50	47	0
50	47	0
150	144	0
150	111	0
150	114	0
250	211	0
150	112	0
100	141	0
200	121	0
50	45	0
50	47	0
50	47	0
50	47	0
50	45	0
50	47	0
50	53	0
50	45	0
50	45	0
50	45	0
50	45	0
50	45	0
50	56	0
50	45	0
50	57	0
50	49	0
50	45	0
50	45	0
50	45	0
100	54	0
50	47	0
50	47	0
50	47	0
50	47	0
50	47	0
50	45	0
50	45	0
150	113	0
200	138	0
100	52	0
100	50	0
100	50	0
100	50	0
100	50	0
50	45	0
50	45	0
100	50	0
100	50	0
100	50	0
100	50	0
100	97	0
100	52	0
50	52	0
50	45	0
100	50	0
50	45	0
200	203	0
150	114	0
150	147	0
100	111	0
100	53	0
100	56	0
100	96	0
100	50	0
100	50	0
200	121	0
400	312	0
250	246	0
100	56	0
100	52	0
100	52	0
250	223	0
100	56	0
100	110	0
200	119	0
100	52	0
100	56	0
100	56	0
100	50	0
300	241	0
100	52	0
100	52	0
100	50	0
100	50	0
100	50	0
100	50	0
100	50	0
100	52	0
100	52	0
100	56	0
100	52	0
100	52	0
100	52	0
100	52	0
100	52	0
100	52	0
100	52	0
100	52	0
100	52	0
100	52	0
100	52	0
100	52	0
100	52	0
100	106	0
100	104	0
100	106	0
100	105	0
100	50	0
100	54	0
100	54	0
100	54	0
100	54	0
100	54	0
100	54	0
100	54	0
100	54	0
100	55	0
100	54	0
100	54	0
100	54	0
100	54	0
100	54	0
100	55	0
100	54	0
100	39	0
100	55	0
100	55	0
100	55	0
100	55	0
100	55	0
200	120	0
100	56	0
200	193	0
100	55	0
100	57	0
100	54	0
100	54	0
100	54	0
100	54	0
100	54	0
100	54	0
100	54	0
100	54	0
100	54	0
100	54	0
100	54	0
100	54	0
100	54	0
100	54	0
100	54	0
100	54	0
100	54	0
100	54	0
100	54	0
100	54	0
100	51	0
100	51	0
100	51	0
100	51	0
100	51	0
100	51	0
100	51	0
100	51	0
100	51	0
100	51	0
100	51	0
100	54	0
100	54	0
200	209	0
200	121	0
200	153	0
100	50	0
100	50	0
100	50	0
200	188	0
100	56	0
100	56	0
100	56	0
150	114	0
250	254	0
100	52	0
100	50	0
100	52	0
100	52	0
100	50	4
100	52	0
100	112	0
100	52	0
100	52	0
100	52	0
100	50	4
100	52	0
100	52	0
100	52	0
100	52	0
100	52	0
100	47	0
100	50	0
100	46	0
100	51	0
100	50	0
150	88	0
350	212	0
600	311	1
350	212	0
350	212	0
250	189	0
350	246	0
250	112	0
250	148	0
100	50	0
100	50	0
100	50	0
100	50	0
100	41	0
100	84	0
350	215	0
250	150	0
100	52	0
100	43	0
100	120	0
100	52	0
100	39	0
100	52	0
100	52	0
100	50	0
100	50	0
100	50	0
200	122	0
100	50	0
100	50	0
100	56	0
100	50	0
150	86	0
150	87	0
100	52	0
100	52	0
100	53	0
100	53	0
100	52	0
100	50	0
100	38	0
100	38	0
100	53	0
100	52	0
100	50	0
600	410	0
200	119	0
100	50	0
50	51	0
100	42	0
200	154	0
100	56	0
100	50	0
100	50	0
100	51	0
100	51	0
100	50	0
100	48	0
100	51	0
100	51	0
100	50	0
200	118	0
100	50	0
100	50	0
100	50	0
100	50	0
100	50	0
100	50	0
100	50	0
100	50	0
100	50	0
100	50	0
500	245	0
100	50	0
100	50	0
100	50	0
100	50	0
100	50	0
100	50	0
100	50	0
100	50	0
100	50	0
100	50	0
100	52	0
500	311	0
350	212	0
500	311	0
100	52	5
350	212	0
350	212	0
100	51	0
100	51	0
100	50	0
400	212	1
650	311	1
500	245	0
450	245	0
300	148	0
500	245	1
650	311	0
400	245	0
50	41	0
50	40	0
450	214	0
450	310	0
450	297	0
350	212	0
300	148	0
550	321	0
250	151	0
200	114	0
250	148	0
350	237	0
350	242	0
450	306	0
350	219	0
300	201	0
300	150	0
50	40	0
450	311	0
300	213	0
50	52	0
100	50	0
100	50	0
100	50	0
100	50	0
100	50	0
100	50	0
100	50	0
100	50	0
100	50	0
100	50	0
100	50	0
100	50	0
100	50	0
100	50	0
100	50	0
100	50	0
100	50	0
100	50	0
100	50	0
100	50	0
100	50	0
100	50	0
100	50	0
100	50	0
100	50	0
100	50	0
100	50	0
100	50	0
100	50	0
100	50	0
100	50	0
100	50	0
100	50	0
100	50	0
100	50	0
100	50	0
100	50	0
