12.28.2012
16.46.32
condor_exec.exe --agent texplore --actrate 3 --explore variancenovelty --n 5 --v 2 --rom ./games/asterix.bin --history 1 --model c45tree 

Specialized environment for Asterix, uses 8 features:
0: self x position
1: self row #
2: relative x distance to object in row above self
3: ID of object in row above self
4: relative x distance to object in row below self
5: ID of object in row below self
6: relative x distance to object in current row of self
7: ID of object in current row of self
0: C4.5 Tree
1: C4.5 Tree
2: C4.5 Tree
3: C4.5 Tree
4: C4.5 Tree
5: C4.5 Tree
6: C4.5 Tree
7: C4.5 Tree
REWARD: C4.5 Tree
TERMINAL: C4.5 Tree

glamdring-7
Architecture:          x86_64
CPU op-mode(s):        32-bit, 64-bit
CPU(s):                40
Thread(s) per core:    2
Core(s) per socket:    10
CPU socket(s):         2
NUMA node(s):          2
Vendor ID:             GenuineIntel
CPU family:            6
Model:                 47
Stepping:              2
CPU MHz:               2393.867
Virtualization:        VT-x
L1d cache:             32K
L1i cache:             32K
L2 cache:              256K
L3 cache:              30720K
MemTotal:       529430880 kB
MemFree:        479275840 kB


score	#steps	#invld
50	46	0
100	53	0
50	51	0
100	41	0
50	47	0
150	41	0
100	53	0
200	206	0
50	49	0
200	324	0
400	318	0
100	51	0
100	52	0
50	50	0
100	54	0
100	51	0
100	51	0
50	48	0
50	51	0
150	51	0
50	54	0
100	119	0
200	51	0
50	51	0
50	84	0
50	51	0
50	51	0
50	51	0
50	60	0
100	147	0
50	49	0
150	191	0
100	121	0
200	210	0
50	84	0
50	51	0
50	83	0
50	86	0
50	51	0
50	116	0
50	87	0
50	86	0
50	51	0
50	51	0
50	49	0
50	49	0
50	51	0
50	49	0
50	49	0
50	49	0
50	51	0
50	49	0
50	51	0
50	51	0
50	53	0
50	49	0
50	49	0
50	49	0
50	47	0
50	47	0
50	47	0
50	47	0
50	53	0
50	53	0
50	53	0
50	53	0
50	53	0
50	49	0
50	49	0
50	53	0
50	53	0
50	53	0
50	53	0
50	49	0
50	53	0
50	53	0
50	49	0
50	53	0
50	53	0
50	53	0
50	53	0
50	53	0
50	47	0
50	52	0
50	49	0
50	49	0
50	47	0
50	47	0
50	47	0
50	47	0
50	47	0
50	47	0
50	47	0
50	47	0
50	47	0
50	47	0
50	47	0
50	53	0
50	53	0
50	53	0
50	53	0
50	47	0
50	47	0
50	47	0
50	53	0
50	47	0
50	47	0
50	47	0
50	47	0
50	47	0
50	47	0
50	47	0
50	47	0
50	47	0
50	47	0
50	47	0
50	47	0
50	120	0
50	53	0
200	279	0
50	47	0
50	47	0
50	47	0
50	47	0
150	122	0
50	49	0
50	49	0
50	49	0
200	217	0
50	49	0
50	49	0
50	49	0
50	60	0
50	53	0
250	248	0
50	53	0
50	53	0
50	53	0
50	47	0
50	47	0
50	53	0
50	53	0
50	47	0
50	47	0
50	47	0
50	47	0
50	47	0
50	47	0
50	53	0
50	47	0
50	53	0
50	53	0
50	53	0
50	47	0
50	47	0
50	47	0
50	47	0
50	47	0
50	47	0
50	47	0
50	47	0
50	47	0
50	47	0
50	47	0
50	47	0
50	47	0
50	47	0
50	47	0
50	47	0
50	47	0
50	47	0
50	47	0
50	47	0
50	47	0
50	47	0
50	47	0
50	47	0
50	47	0
50	47	0
50	47	0
50	47	0
50	47	0
50	47	0
50	47	0
50	47	0
50	47	0
50	47	0
50	47	0
50	47	0
50	47	0
50	47	0
50	47	0
50	47	0
50	47	0
50	47	0
50	47	0
50	47	0
50	47	0
50	47	0
50	47	0
50	47	0
50	47	0
50	47	0
50	47	0
50	47	0
50	47	0
50	47	0
50	47	0
50	47	0
50	47	0
50	47	0
50	47	0
50	47	0
50	47	0
50	47	0
50	47	0
50	47	0
50	47	0
50	47	0
50	47	0
50	47	0
50	47	0
50	47	0
50	47	0
50	47	0
50	47	0
50	47	0
50	47	0
50	47	0
50	47	0
50	47	0
50	47	0
50	47	0
50	47	0
50	47	0
50	47	0
50	47	0
50	47	0
50	47	0
50	47	0
50	47	0
50	47	0
50	47	0
50	47	0
50	47	0
50	47	0
50	47	0
50	47	0
50	47	0
50	47	0
50	47	0
50	47	0
50	47	0
50	47	0
50	47	0
50	47	0
50	47	0
50	47	0
50	47	0
50	47	0
50	47	0
50	47	0
50	47	0
50	47	0
50	47	0
50	47	0
50	47	0
50	47	0
50	47	0
50	47	0
50	47	0
50	47	0
50	47	0
50	47	0
50	47	0
50	47	0
50	47	0
50	47	0
50	47	0
50	47	0
50	47	0
50	53	0
50	47	0
50	47	0
50	47	0
50	47	0
50	47	0
50	47	0
50	47	0
50	47	0
50	47	0
50	47	0
50	47	0
50	47	0
50	47	0
50	47	0
50	47	0
50	47	0
50	47	0
50	47	0
50	47	0
50	47	0
50	53	0
50	47	0
50	53	0
50	47	0
50	47	0
50	47	0
50	47	0
50	47	0
50	47	0
50	47	0
50	47	0
50	47	0
50	47	0
50	47	0
50	47	0
50	47	0
50	47	0
50	47	0
50	47	0
50	47	0
50	47	0
50	47	0
50	47	0
50	47	0
50	47	0
50	47	0
50	47	0
50	47	0
50	47	0
50	47	0
50	47	0
50	47	0
50	47	0
50	47	0
50	47	0
50	49	0
50	49	0
50	49	0
50	49	0
50	49	0
50	49	0
50	49	0
50	49	0
50	49	0
50	49	0
50	49	0
50	49	0
50	49	0
50	49	0
50	49	0
50	49	0
50	48	0
50	49	0
50	49	0
50	53	0
50	47	0
50	46	0
50	48	0
50	46	0
50	49	0
50	49	0
50	49	0
50	49	0
50	49	0
50	49	0
50	49	0
50	49	0
50	49	0
50	49	0
50	49	0
50	49	0
50	49	0
50	49	0
50	49	0
50	49	0
50	49	0
50	49	0
100	49	0
50	49	0
50	49	0
50	49	0
50	49	0
50	49	0
50	49	0
50	49	0
50	49	0
50	49	0
50	49	0
50	49	0
50	49	0
50	49	0
250	243	0
250	245	0
300	243	0
300	244	0
250	245	0
250	246	0
250	246	0
200	205	0
50	49	0
50	49	0
250	245	0
250	243	0
300	245	0
450	406	0
250	245	0
250	228	0
300	245	0
300	245	0
300	246	0
300	244	0
300	243	0
300	180	0
250	181	0
200	141	0
300	250	0
50	50	0
50	50	0
50	50	0
50	51	0
50	50	0
50	51	0
50	50	0
50	50	0
50	50	0
50	50	0
50	50	0
50	50	0
50	50	0
50	50	0
50	50	0
50	50	0
50	50	0
50	50	0
50	50	0
50	50	0
50	50	0
50	50	0
50	50	0
50	50	0
50	49	0
50	49	0
50	49	0
50	49	0
50	49	0
50	48	0
50	48	0
50	48	0
50	48	0
50	48	0
50	48	0
50	48	0
50	48	0
50	50	0
50	47	0
50	48	0
50	49	0
50	48	0
50	48	0
50	49	0
50	47	0
50	47	0
50	49	0
50	48	0
50	49	0
50	50	0
50	50	0
50	50	0
50	50	0
50	50	0
50	50	0
50	48	0
50	47	0
50	48	0
50	48	0
50	48	0
50	48	0
50	48	0
50	48	0
50	50	0
50	48	0
50	48	0
50	47	0
50	47	0
50	47	0
50	47	0
500	602	0
900	1000	0
900	1000	0
850	1000	0
850	1000	0
900	1000	0
900	1000	0
50	120	0
50	122	0
50	120	0
50	122	0
50	108	0
250	316	0
50	120	0
250	316	0
200	210	0
200	210	0
250	316	0
250	316	0
50	120	0
250	316	0
50	120	0
50	109	0
50	120	0
50	120	0
50	120	0
50	120	0
50	120	0
50	120	0
50	120	0
50	120	0
50	120	0
50	120	0
50	120	0
50	120	0
200	210	0
200	210	0
200	210	0
200	210	0
50	120	0
50	120	0
200	210	0
200	210	0
250	316	0
50	120	0
50	120	0
250	316	0
200	210	0
50	120	0
200	210	0
50	120	0
50	120	0
50	120	0
50	120	0
50	120	0
200	210	0
50	120	0
200	210	0
200	210	0
200	210	0
200	210	0
200	210	0
200	210	0
200	210	0
200	210	0
200	210	0
200	210	0
50	120	0
50	120	0
50	120	0
50	120	0
50	120	0
200	210	0
50	120	0
50	120	0
200	210	0
200	210	0
200	210	0
200	210	0
200	210	0
50	120	0
50	120	0
50	120	0
50	120	0
50	120	0
50	120	0
50	120	0
200	210	0
200	210	0
200	210	0
200	210	0
200	210	0
200	210	0
200	210	0
50	120	0
50	120	0
50	120	0
50	120	0
200	210	0
50	120	0
50	120	0
50	120	0
50	120	0
200	210	0
50	120	0
50	120	0
50	120	0
50	120	0
50	120	0
50	120	0
50	120	0
50	120	0
