12.28.2012
16.46.25
condor_exec.exe --agent texplore --actrate 3 --explore variancenovelty --n 5 --v 2 --rom ./games/asterix.bin --history 1 --model c45tree 

Specialized environment for Asterix, uses 8 features:
0: self x position
1: self row #
2: relative x distance to object in row above self
3: ID of object in row above self
4: relative x distance to object in row below self
5: ID of object in row below self
6: relative x distance to object in current row of self
7: ID of object in current row of self
0: C4.5 Tree
1: C4.5 Tree
2: C4.5 Tree
3: C4.5 Tree
4: C4.5 Tree
5: C4.5 Tree
6: C4.5 Tree
7: C4.5 Tree
REWARD: C4.5 Tree
TERMINAL: C4.5 Tree

rhavan-25
Architecture:          x86_64
CPU op-mode(s):        32-bit, 64-bit
CPU(s):                8
Thread(s) per core:    1
Core(s) per socket:    4
CPU socket(s):         2
NUMA node(s):          1
Vendor ID:             GenuineIntel
CPU family:            6
Model:                 15
Stepping:              11
CPU MHz:               2660.342
Virtualization:        VT-x
L1d cache:             32K
L1i cache:             32K
L2 cache:              4096K
MemTotal:       33013004 kB
MemFree:        29678456 kB


score	#steps	#invld
100	47	0
50	51	0
50	87	0
50	55	0
50	54	0
50	50	0
50	50	0
50	49	0
50	50	0
50	50	0
50	44	0
50	49	0
250	318	0
100	112	1
150	117	0
100	112	0
100	45	0
100	108	0
100	110	0
100	108	0
100	108	0
150	117	0
100	106	0
50	118	0
50	45	0
100	45	0
100	154	0
50	46	0
50	45	0
50	45	0
50	46	0
200	220	0
100	47	0
50	45	0
50	46	0
50	47	0
100	116	0
50	50	0
50	41	0
50	45	0
50	41	0
50	45	0
100	110	0
50	45	0
300	317	0
50	48	0
50	47	0
50	49	0
50	116	0
50	47	0
50	47	0
50	45	0
300	317	0
300	321	0
100	111	0
50	45	0
200	213	0
250	272	0
50	78	0
100	104	0
50	116	0
200	215	0
200	200	0
50	114	0
50	43	0
50	42	0
200	199	0
150	170	0
50	42	0
50	42	0
50	42	0
50	42	0
50	43	0
50	52	0
300	323	0
250	258	1
250	268	0
250	268	0
100	125	0
200	223	0
200	223	0
50	74	0
200	223	0
50	74	0
200	223	0
200	223	0
100	124	0
50	122	0
50	50	0
50	80	0
250	270	0
200	162	0
50	54	0
50	54	0
50	119	0
250	280	0
50	50	0
50	54	0
250	272	0
50	55	0
50	56	0
300	318	0
300	320	0
50	47	0
50	47	0
50	115	0
300	320	0
300	320	0
50	57	0
50	81	0
50	89	0
100	123	0
50	86	0
100	127	0
50	59	0
50	58	0
50	47	0
50	47	0
50	47	0
100	107	0
100	109	0
150	107	0
150	134	0
100	107	0
100	102	0
250	221	0
100	108	0
100	128	0
250	221	0
100	110	0
100	102	0
150	134	0
50	47	0
50	47	0
50	47	0
100	102	0
100	106	0
150	110	0
150	158	0
150	158	0
200	199	0
200	203	0
200	202	0
250	239	0
100	127	0
150	125	0
150	126	0
200	199	0
200	204	0
150	181	0
100	104	0
100	126	0
100	120	0
100	104	0
100	118	0
200	204	0
100	104	0
150	124	0
150	125	0
100	114	0
100	104	0
200	200	0
300	304	0
100	113	0
250	239	0
150	124	0
100	109	0
150	124	0
150	124	0
400	340	0
250	218	0
150	108	0
200	140	0
300	220	0
100	41	0
100	44	0
100	42	0
100	40	0
100	40	0
100	40	0
100	40	0
100	40	0
100	42	0
100	40	0
100	40	0
100	42	0
100	41	0
100	39	0
100	39	0
100	39	0
100	39	0
100	39	0
100	41	0
100	40	0
100	39	0
100	39	0
100	39	0
100	39	0
100	39	0
100	39	0
100	40	0
100	40	0
100	40	0
100	40	0
100	40	0
100	40	0
100	40	0
100	40	0
100	40	0
100	40	0
100	39	0
50	45	0
50	45	0
50	45	0
100	39	0
100	39	0
50	45	0
50	45	0
50	45	0
150	145	0
100	40	0
100	40	0
100	39	0
100	39	0
100	41	0
100	41	0
100	43	0
100	42	0
100	43	0
100	43	0
50	45	0
50	45	0
50	108	0
200	205	0
300	220	0
300	273	0
250	218	0
50	111	0
150	223	0
50	113	0
50	114	0
150	181	0
150	109	0
50	116	0
50	115	0
50	112	0
150	130	0
100	112	0
100	115	0
50	45	0
50	46	0
50	45	0
100	126	0
100	125	0
100	129	0
50	52	0
50	45	0
200	180	0
50	54	0
50	52	0
50	52	0
50	52	0
50	51	0
100	116	0
50	50	0
50	50	0
50	50	0
100	130	0
250	185	0
50	45	0
50	50	0
50	50	0
50	50	0
50	45	0
50	45	0
50	45	0
50	45	0
50	50	0
50	50	0
50	50	0
50	50	0
50	50	0
50	50	0
50	50	0
50	50	0
50	50	0
50	56	0
50	50	0
50	54	0
50	51	0
50	50	0
50	45	0
50	56	0
50	113	0
50	51	0
50	51	0
100	154	0
50	50	0
50	50	0
50	50	0
50	50	0
50	50	0
50	45	0
50	49	0
50	112	0
100	135	0
100	134	0
50	46	0
50	54	0
50	50	0
100	118	0
150	118	0
300	221	0
50	85	0
50	85	0
100	115	0
100	125	0
100	111	0
100	118	0
100	112	0
50	50	0
50	50	0
50	54	0
50	50	0
50	50	0
50	50	0
50	50	0
50	50	0
50	50	0
50	50	0
50	52	0
50	52	0
200	188	0
50	107	0
100	120	0
50	52	0
50	119	0
50	52	0
50	50	0
50	50	0
50	50	0
50	50	0
50	79	0
50	50	0
50	50	0
50	50	0
50	50	0
150	149	0
50	50	0
50	50	0
50	50	0
50	50	0
50	50	0
50	50	0
50	50	0
50	50	0
50	50	0
50	50	0
50	50	0
50	50	0
50	50	0
50	50	0
50	50	0
100	42	0
350	220	0
150	123	0
100	76	0
100	45	0
100	42	0
100	42	0
50	63	0
50	50	0
50	50	0
100	42	0
50	50	0
100	43	0
100	43	0
100	41	0
100	41	0
50	42	0
100	41	0
100	40	0
100	40	0
100	39	0
100	39	0
100	41	0
100	78	0
100	40	0
100	43	0
100	45	0
100	47	0
100	40	0
100	43	0
100	42	0
100	42	0
100	42	0
100	47	0
100	43	0
100	43	0
100	42	0
100	47	0
100	43	0
100	41	0
100	42	0
100	41	0
100	41	0
100	41	0
100	44	0
100	44	0
100	45	0
100	44	0
100	45	0
100	44	0
100	41	0
100	44	0
100	44	0
100	44	0
100	43	0
100	39	0
100	39	0
100	39	0
100	39	0
100	44	0
100	44	0
100	44	0
100	44	0
100	44	0
100	43	0
100	44	0
100	44	0
100	43	0
100	39	0
100	45	0
100	44	0
100	44	0
100	44	0
100	44	0
100	44	0
100	47	0
100	44	0
100	44	0
100	42	0
100	39	0
100	39	0
100	39	0
100	39	0
100	39	0
100	39	0
100	39	0
100	39	0
100	44	0
100	43	0
100	43	0
100	42	0
100	49	0
150	152	0
100	103	0
150	115	0
150	159	0
350	218	0
100	110	0
100	42	0
100	44	0
100	44	0
100	44	0
100	45	0
100	44	0
100	44	0
100	44	0
100	44	0
100	44	0
100	44	0
100	42	0
100	44	0
100	44	0
100	44	0
100	44	0
100	44	0
100	44	0
100	44	0
100	44	0
100	42	0
100	44	0
100	44	0
100	44	0
100	78	0
350	216	0
100	44	0
100	44	0
100	44	0
100	44	0
100	44	0
100	44	0
100	42	0
100	44	0
100	42	0
100	44	0
350	219	0
100	44	0
100	76	0
100	42	0
100	42	0
100	42	0
100	42	0
100	44	0
100	39	0
100	39	0
100	39	0
100	39	0
100	42	0
100	39	0
100	39	0
100	39	0
100	39	0
100	39	0
100	39	0
100	39	0
100	39	0
100	39	0
100	39	0
100	39	0
100	39	0
100	39	0
100	39	0
100	39	0
100	39	0
100	39	0
100	39	0
100	39	0
100	39	0
100	39	0
100	39	0
100	39	0
100	39	0
100	39	0
100	39	0
100	39	0
100	39	0
100	39	0
100	39	0
100	39	0
100	39	0
100	39	0
100	42	0
100	44	0
100	43	0
100	39	0
100	39	0
100	39	0
100	39	0
100	39	0
100	39	0
100	39	0
100	39	0
100	39	0
100	39	0
100	39	0
100	39	0
100	39	0
100	39	0
100	39	0
100	39	0
100	39	0
100	39	0
100	39	0
100	42	0
100	39	0
100	39	0
100	42	0
100	42	0
100	42	0
100	42	0
100	42	0
100	42	0
100	43	0
100	44	0
100	43	0
100	44	0
100	44	0
100	43	0
100	43	0
100	43	0
100	44	0
100	44	0
100	44	0
100	42	0
100	42	0
100	42	0
100	42	0
100	44	0
100	44	0
100	44	0
100	42	0
100	42	0
100	44	0
100	43	0
100	42	0
100	42	0
100	43	0
100	44	0
