12.28.2012
16.45.21
condor_exec.exe --agent texplore --actrate 3 --explore variancenovelty --n 5 --v 2 --rom ./games/asterix.bin --history 1 --model c45tree 

Specialized environment for Asterix, uses 8 features:
0: self x position
1: self row #
2: relative x distance to object in row above self
3: ID of object in row above self
4: relative x distance to object in row below self
5: ID of object in row below self
6: relative x distance to object in current row of self
7: ID of object in current row of self
0: C4.5 Tree
1: C4.5 Tree
2: C4.5 Tree
3: C4.5 Tree
4: C4.5 Tree
5: C4.5 Tree
6: C4.5 Tree
7: C4.5 Tree
REWARD: C4.5 Tree
TERMINAL: C4.5 Tree

rhavan-24
Architecture:          x86_64
CPU op-mode(s):        32-bit, 64-bit
CPU(s):                8
Thread(s) per core:    1
Core(s) per socket:    4
CPU socket(s):         2
NUMA node(s):          1
Vendor ID:             GenuineIntel
CPU family:            6
Model:                 15
Stepping:              11
CPU MHz:               2660.358
Virtualization:        VT-x
L1d cache:             32K
L1i cache:             32K
L2 cache:              4096K
MemTotal:       33013004 kB
MemFree:        30829360 kB


score	#steps	#invld
100	80	0
100	84	0
250	108	0
100	133	0
50	43	0
100	57	0
50	48	0
100	48	0
150	211	0
200	178	0
200	211	0
50	50	0
50	48	0
50	46	0
50	46	0
100	53	0
250	149	0
50	45	0
150	49	0
350	241	0
50	55	0
50	88	0
200	47	0
50	52	0
50	53	0
50	53	0
50	52	0
100	53	0
100	54	0
100	52	0
100	53	0
100	51	0
50	51	0
50	53	0
50	53	0
50	50	0
50	52	0
50	51	0
50	47	0
50	52	0
50	46	0
50	50	0
50	56	0
50	52	0
50	58	0
50	48	0
50	49	0
50	114	0
50	49	0
50	51	0
500	314	0
150	214	0
350	243	0
100	114	0
100	118	0
300	212	0
100	45	0
100	47	0
100	47	0
50	45	0
50	50	0
50	46	0
100	46	0
350	215	0
50	52	0
50	51	0
50	52	0
350	310	0
100	45	0
50	60	0
100	45	0
150	149	0
100	119	0
100	47	0
50	45	0
50	46	0
50	53	0
100	47	0
50	45	0
50	47	0
50	47	0
50	52	0
100	45	0
150	145	0
100	45	0
200	122	0
100	46	0
150	145	0
100	46	0
100	45	0
100	45	0
300	242	0
100	46	0
100	45	0
100	111	0
150	114	0
100	45	0
100	45	0
100	45	0
100	121	0
150	120	0
100	105	0
200	206	0
200	113	0
350	213	0
100	45	0
100	49	0
100	46	0
100	47	0
100	111	0
100	113	0
300	245	0
100	108	0
100	45	0
150	146	0
200	115	0
100	52	0
100	115	0
250	130	0
100	116	0
100	46	0
150	180	0
100	46	0
100	46	0
100	46	0
100	46	0
100	46	0
100	46	0
100	46	0
100	46	0
100	46	0
150	114	0
100	44	0
100	46	0
100	45	0
100	44	0
100	44	0
300	214	0
250	209	0
200	212	0
100	115	0
100	50	0
100	124	0
100	113	0
100	48	0
100	113	0
150	113	0
100	51	0
100	114	0
100	49	0
100	120	0
100	103	0
100	46	0
100	46	0
100	49	0
100	48	0
100	46	0
100	48	0
100	48	0
100	111	0
100	105	0
100	47	0
100	111	0
100	111	0
100	119	0
100	106	0
100	108	0
100	111	0
100	111	0
100	105	0
100	111	0
100	115	0
100	121	0
100	46	0
50	44	0
50	49	0
50	47	0
50	49	0
50	49	0
50	45	0
50	49	0
50	47	0
100	43	0
50	44	0
50	48	0
50	49	0
100	50	0
50	48	0
50	57	0
50	46	0
50	48	0
50	50	0
100	119	0
100	114	0
50	48	0
100	113	0
50	51	0
100	46	0
50	50	0
50	50	0
50	49	0
50	50	0
100	113	0
100	113	0
100	113	0
100	115	0
100	121	0
50	50	0
100	45	0
100	45	0
50	50	0
100	127	0
100	47	0
250	242	0
200	241	0
300	243	0
100	48	0
100	46	0
150	128	0
100	47	0
50	43	0
50	50	0
100	48	0
100	46	0
150	181	0
250	240	0
150	211	0
50	45	0
50	52	0
50	55	0
100	45	0
0	56	0
50	56	0
0	53	0
300	243	0
100	45	0
50	56	0
50	43	0
100	80	0
50	58	0
50	41	0
50	44	0
50	46	0
50	46	0
50	58	0
50	44	0
50	51	0
50	44	0
50	44	0
50	44	0
100	45	0
100	44	0
50	51	0
50	51	0
50	43	0
50	44	0
50	44	0
50	44	0
50	44	0
50	44	0
50	51	0
50	51	0
50	44	0
50	52	0
50	52	0
50	56	0
50	51	0
50	44	0
50	45	0
50	44	0
50	54	0
50	44	0
50	44	0
50	42	0
50	51	0
50	59	0
50	44	0
50	44	0
50	58	0
50	59	0
50	54	0
50	54	0
50	54	0
50	53	0
50	52	0
50	52	0
50	54	0
50	51	0
50	53	0
50	52	0
50	51	0
50	53	0
50	53	0
50	53	0
50	53	0
50	53	0
50	55	0
50	53	0
50	49	0
50	44	0
0	52	0
50	53	0
50	53	0
50	53	0
50	53	0
50	55	0
50	55	0
50	53	0
50	53	0
50	42	0
50	41	0
50	42	0
50	53	0
50	43	0
50	43	0
50	41	0
50	55	0
50	55	0
50	55	0
50	41	0
50	55	0
50	55	0
100	44	0
50	53	0
300	254	0
150	151	0
350	226	0
150	116	0
150	118	0
50	46	0
100	45	0
100	45	0
50	53	0
50	53	0
100	49	0
100	46	0
150	117	0
200	183	0
200	118	0
100	45	0
100	45	0
100	45	0
100	48	0
100	46	0
100	46	0
100	48	0
100	48	0
50	53	0
100	45	0
100	46	0
100	45	0
100	45	0
150	49	0
150	49	0
100	45	0
150	47	0
150	52	0
150	49	0
150	47	0
150	56	0
400	214	0
300	182	0
150	52	0
150	50	0
150	50	0
200	112	0
150	47	0
150	50	0
100	45	0
100	45	0
100	45	0
150	45	0
150	50	0
150	50	0
150	46	0
150	45	0
150	114	0
150	112	0
100	45	0
100	44	0
350	223	0
100	44	0
100	44	0
250	114	0
100	44	0
450	247	0
150	53	0
150	49	0
150	53	0
150	49	0
150	49	0
50	58	0
50	51	0
0	44	0
150	49	0
150	49	0
50	50	0
150	49	0
150	49	0
150	49	0
150	49	0
150	49	0
150	49	0
150	49	0
150	49	0
100	44	0
100	44	0
150	50	0
150	84	0
150	51	0
150	49	0
100	82	0
50	54	0
150	49	0
150	49	0
150	51	0
150	49	0
550	245	0
150	52	0
300	151	0
250	115	0
250	117	0
250	114	0
300	151	0
250	145	0
300	201	0
100	44	0
100	46	0
250	145	0
250	114	0
150	49	0
200	115	0
250	116	0
450	199	0
300	213	0
350	210	0
300	219	0
450	227	0
450	212	0
450	213	0
350	251	0
400	244	0
450	214	0
450	214	0
500	244	0
300	216	0
500	322	0
300	214	0
300	212	0
450	214	0
450	214	0
300	216	0
300	214	0
400	256	0
300	221	0
300	218	0
300	218	0
250	143	0
300	211	0
450	316	0
300	216	0
350	247	0
200	114	0
200	152	0
200	218	0
400	248	0
250	215	0
300	251	0
400	251	0
400	221	0
350	251	0
350	263	0
250	209	0
300	242	0
250	209	0
350	245	0
300	244	0
300	242	0
150	114	0
150	115	0
150	116	0
150	114	0
150	115	0
100	47	1
100	49	1
150	52	0
250	114	0
150	52	0
150	50	0
150	52	0
150	51	0
150	51	0
150	52	0
150	51	0
150	50	0
200	114	0
150	114	0
150	114	0
150	113	0
150	113	0
150	114	0
150	113	0
150	111	0
150	52	0
150	112	0
150	113	0
150	113	0
150	52	0
150	51	0
150	53	0
150	52	0
150	51	0
150	52	0
150	52	0
150	52	0
150	50	0
150	50	0
150	52	0
150	52	0
150	50	0
150	50	0
150	50	0
100	50	0
100	52	0
100	52	0
100	52	0
100	52	0
100	52	0
150	52	0
150	52	0
150	52	0
150	52	0
150	52	0
150	53	0
100	50	0
150	50	0
150	50	0
100	50	0
150	113	0
150	53	0
150	48	5
150	120	0
100	52	0
100	50	0
100	50	0
100	50	0
100	50	0
100	50	0
150	50	0
150	50	0
150	50	0
150	50	0
150	50	0
150	50	0
150	50	0
150	50	0
100	50	0
100	50	0
100	50	0
100	50	0
100	50	0
100	50	0
100	50	0
100	50	0
100	50	0
100	50	0
100	50	0
150	50	0
150	50	0
100	50	0
150	50	0
150	50	0
150	50	0
150	50	0
150	50	0
100	50	0
100	52	0
100	50	0
100	50	0
100	50	0
150	50	0
100	50	0
100	52	0
100	50	0
100	50	0
100	50	0
100	50	0
100	50	0
100	50	0
100	50	0
150	50	0
150	50	0
150	50	0
150	50	0
150	50	0
100	50	0
100	50	0
100	52	0
100	50	0
100	52	0
