12.28.2012
16.45.37
condor_exec.exe --agent texplore --actrate 3 --explore variancenovelty --n 5 --v 2 --rom ./games/asterix.bin --history 1 --model c45tree 

Specialized environment for Asterix, uses 8 features:
0: self x position
1: self row #
2: relative x distance to object in row above self
3: ID of object in row above self
4: relative x distance to object in row below self
5: ID of object in row below self
6: relative x distance to object in current row of self
7: ID of object in current row of self
0: C4.5 Tree
1: C4.5 Tree
2: C4.5 Tree
3: C4.5 Tree
4: C4.5 Tree
5: C4.5 Tree
6: C4.5 Tree
7: C4.5 Tree
REWARD: C4.5 Tree
TERMINAL: C4.5 Tree

glamdring-4
Architecture:          x86_64
CPU op-mode(s):        32-bit, 64-bit
CPU(s):                40
Thread(s) per core:    2
Core(s) per socket:    10
CPU socket(s):         2
NUMA node(s):          2
Vendor ID:             GenuineIntel
CPU family:            6
Model:                 47
Stepping:              2
CPU MHz:               2394.210
Virtualization:        VT-x
L1d cache:             32K
L1i cache:             32K
L2 cache:              256K
L3 cache:              30720K
MemTotal:       529430880 kB
MemFree:        434743568 kB


score	#steps	#invld
50	56	0
100	115	0
50	52	0
100	38	0
50	117	0
50	119	0
300	553	0
50	161	0
50	61	0
100	47	0
50	43	0
50	98	0
50	64	0
50	64	0
300	373	0
250	321	0
150	136	0
50	64	0
50	64	0
50	64	0
50	51	0
50	51	0
50	51	0
50	51	0
50	64	0
50	51	0
50	64	0
50	64	0
50	64	0
50	51	0
50	51	0
50	51	0
50	64	0
50	51	0
50	57	0
50	57	0
50	57	0
50	64	0
50	59	0
50	57	0
50	57	0
50	51	0
50	57	0
50	51	0
50	57	0
50	57	0
50	57	0
50	59	0
50	59	0
50	59	0
50	93	0
50	57	0
50	57	0
50	57	0
50	59	0
50	59	0
50	59	0
50	59	0
50	59	0
150	136	0
50	57	0
150	142	0
150	136	0
150	136	0
150	131	0
50	57	0
150	137	0
50	57	0
50	57	0
50	55	0
50	57	0
50	57	0
50	57	0
50	57	0
50	57	0
50	47	0
150	136	0
50	55	0
50	57	0
50	57	0
200	200	0
300	310	0
50	49	0
50	57	0
50	57	0
50	49	0
50	59	0
50	59	0
150	218	0
50	59	0
150	198	0
50	94	0
150	174	0
50	59	0
50	93	0
300	312	0
350	390	0
50	59	0
50	59	0
200	223	0
50	62	0
250	237	0
250	313	0
250	273	0
250	236	0
250	236	0
150	127	0
200	203	0
150	128	0
150	129	0
200	205	0
250	236	0
250	236	0
50	111	0
150	130	0
150	245	0
50	64	0
50	133	0
250	259	0
150	139	0
150	139	0
150	128	0
150	128	0
150	138	0
200	225	0
150	139	0
200	225	0
200	225	0
250	235	0
250	238	0
200	225	0
200	225	0
150	174	0
150	137	0
150	138	0
250	237	0
250	236	0
150	139	0
150	139	0
150	143	0
150	128	0
250	236	0
150	174	0
150	136	0
150	137	0
150	129	0
150	137	0
250	236	0
250	236	0
250	236	0
250	239	0
250	239	0
250	236	0
150	140	0
150	137	0
150	137	0
150	136	0
250	236	0
150	136	0
150	136	0
150	128	0
200	225	0
150	136	0
200	225	0
200	225	0
150	139	0
150	129	0
250	236	0
250	236	0
150	130	0
250	236	0
250	239	0
150	139	0
250	238	0
150	143	0
150	143	0
150	143	0
250	239	0
250	239	0
150	130	0
150	130	0
250	239	0
150	143	0
150	140	0
250	239	0
150	143	0
150	141	0
150	139	0
150	128	0
150	139	0
150	128	0
250	237	0
150	128	0
250	239	0
250	239	0
150	138	0
150	139	0
150	137	0
150	128	0
150	128	0
150	128	0
150	140	0
150	137	0
250	242	0
250	239	0
250	238	0
250	239	0
250	239	0
250	239	0
250	236	0
250	239	0
250	238	0
250	238	0
250	239	0
250	239	0
250	239	0
250	239	0
250	239	0
250	239	0
250	239	0
250	239	0
250	239	0
250	239	0
250	239	0
250	239	0
250	239	0
250	239	0
250	239	0
250	239	0
250	239	0
250	239	0
250	239	0
250	239	0
250	239	0
250	239	0
250	237	0
150	128	0
150	128	0
150	128	0
150	128	0
150	128	0
150	128	0
150	128	0
150	128	0
150	128	0
150	128	0
150	128	0
150	128	0
150	128	0
150	128	0
150	128	0
150	128	0
150	128	0
150	128	0
150	128	0
150	128	0
150	128	0
150	128	0
150	128	0
150	128	0
150	128	0
150	128	0
150	128	0
150	128	0
150	128	0
150	128	0
150	128	0
150	128	0
150	128	0
150	128	0
150	128	0
150	128	0
150	128	0
150	128	0
150	128	0
150	128	0
150	128	0
150	128	0
150	128	0
150	128	0
150	128	0
150	128	0
150	128	0
150	128	0
150	128	0
150	128	0
250	237	0
250	239	0
250	237	0
150	128	0
150	128	0
150	128	0
150	128	0
150	128	0
150	128	0
150	128	0
150	128	0
150	128	0
150	128	0
150	128	0
150	128	0
250	237	0
250	239	0
15