12.28.2012
16.49.15
condor_exec.exe --agent texplore --actrate 3 --explore variancenovelty --n 5 --v 2 --rom ./games/asterix.bin --history 1 --model c45tree 

Specialized environment for Asterix, uses 8 features:
0: self x position
1: self row #
2: relative x distance to object in row above self
3: ID of object in row above self
4: relative x distance to object in row below self
5: ID of object in row below self
6: relative x distance to object in current row of self
7: ID of object in current row of self
0: C4.5 Tree
1: C4.5 Tree
2: C4.5 Tree
3: C4.5 Tree
4: C4.5 Tree
5: C4.5 Tree
6: C4.5 Tree
7: C4.5 Tree
REWARD: C4.5 Tree
TERMINAL: C4.5 Tree

glamdring-9
Architecture:          x86_64
CPU op-mode(s):        32-bit, 64-bit
CPU(s):                40
Thread(s) per core:    2
Core(s) per socket:    10
CPU socket(s):         2
NUMA node(s):          2
Vendor ID:             GenuineIntel
CPU family:            6
Model:                 47
Stepping:              2
CPU MHz:               2393.474
Virtualization:        VT-x
L1d cache:             32K
L1i cache:             32K
L2 cache:              256K
L3 cache:              30720K
MemTotal:       529430880 kB
MemFree:        465709312 kB


score	#steps	#invld
100	44	0
200	134	0
100	45	0
50	42	0
150	123	0
50	45	0
50	56	0
100	64	0
100	49	0
50	40	0
0	41	0
150	62	0
50	49	0
50	51	0
150	42	0
50	39	0
150	44	0
50	39	0
100	49	0
50	45	0
100	50	0
100	77	3
100	57	0
100	54	0
100	54	0
100	41	0
100	42	0
100	53	0
100	38	0
200	392	0
50	78	0
50	62	0
50	59	0
150	251	0
550	1000	0
250	499	0
50	52	0
150	122	0
300	492	0
300	358	0
250	247	0
250	299	0
100	101	0
100	101	0
100	101	0
200	200	0
100	102	0
100	101	0
100	101	0
100	39	0
100	39	0
100	39	0
100	39	0
100	39	0
250	199	0
100	101	0
100	101	0
100	101	0
100	114	0
100	115	0
150	181	0
200	200	0
100	115	0
50	51	0
100	115	0
100	115	0
100	117	0
100	119	0
100	116	0
100	116	0
100	131	0
100	121	0
100	119	0
100	120	0
50	51	0
50	51	0
100	123	0
100	125	0
50	51	0
50	51	0
200	184	0
150	184	0
100	118	0
300	248	0
200	237	0
100	119	0
100	117	0
100	117	0
50	51	0
50	52	0
50	55	0
50	55	0
50	51	0
50	49	0
50	55	0
100	117	0
100	122	0
100	116	0
100	116	0
100	127	0
100	117	0
100	117	0
100	122	0
100	122	0
100	122	0
100	122	0
100	122	0
100	122	0
100	122	0
100	122	0
100	122	0
100	122	0
100	122	0
100	122	0
100	122	0
100	122	0
50	49	0
50	49	0
50	49	0
50	49	0
50	54	0
50	56	0
50	49	0
50	49	0
50	49	0
50	55	0
50	49	0
50	49	0
50	55	0
50	90	0
50	55	0
50	55	0
100	226	0
300	482	0
100	122	0
100	122	0
100	126	0
100	122	0
100	122	0
100	122	0
100	123	0
100	126	0
100	124	0
100	125	0
100	125	0
100	124	0
100	124	0
100	124	0
100	113	0
200	189	0
50	56	0
50	57	0
50	114	0
150	127	0
50	62	0
50	90	0
50	90	0
50	89	0
50	55	0
50	82	0
50	49	0
50	108	0
50	90	0
50	90	0
50	55	0
50	55	0
50	47	0
50	49	0
50	57	0
50	57	0
100	179	0
50	57	0
150	271	0
50	55	0
50	57	0
50	57	0
50	57	0
50	57	0
50	57	0
50	57	0
250	382	0
50	57	0
50	57	0
50	57	0
50	57	0
100	125	0
50	57	0
50	57	0
100	108	0
50	91	0
50	91	0
50	82	0
50	57	0
50	82	0
50	57	0
50	57	0
50	57	0
50	91	0
50	91	0
50	91	0
50	91	0
50	91	0
50	91	0
50	60	0
50	56	0
50	53	0
50	57	0
50	91	0
50	118	0
50	57	0
50	57	0
50	57	0
50	57	0
50	57	0
50	110	0
50	55	0
50	122	0
50	91	0
50	91	0
50	127	0
50	54	0
50	57	0
50	57	0
50	57	0
50	55	0
50	55	0
50	55	0
100	122	0
50	57	0
100	108	0
100	110	0
50	62	0
100	124	0
100	125	0
50	62	0
50	62	0
100	125	0
100	127	0
100	124	0
100	125	0
50	56	0
100	126	0
100	125	0
100	124	0
100	125	0
100	125	0
100	125	0
50	58	0
100	125	0
50	58	0
50	53	0
50	56	0
50	55	0
50	53	0
50	53	0
50	57	0
100	116	0
100	126	0
50	57	0
50	57	0
50	57	0
50	57	0
50	57	0
50	57	0
100	125	0
100	125	0
100	125	0
50	57	0
150	210	0
50	57	0
200	209	0
200	218	0
100	111	0
50	57	0
400	409	0
50	57	0
100	115	0
400	418	0
200	211	0
250	270	0
400	400	0
200	210	0
100	116	0
700	708	0
350	321	0
100	118	0
450	592	0
250	241	0
250	320	0
550	644	0
50	57	0
50	57	0
50	57	0
50	57	0
50	55	0
50	57	0
50	57	0
50	57	0
50	57	0
50	57	0
400	400	0
450	516	0
350	319	0
350	399	0
200	128	0
400	404	0
50	61	0
50	58	0
50	57	0
400	403	0
150	200	0
50	57	0
50	57	0
50	57	0
100	125	0
50	57	0
150	173	0
50	57	0
50	57	0
50	57	0