12.28.2012
16.12.08
condor_exec.exe --agent texplore --actrate 3 --explore variancenovelty --n 5 --v 2 --rom ./games/asterix.bin --history 1 --model c45tree 

Specialized environment for Asterix, uses 8 features:
0: self x position
1: self row #
2: relative x distance to object in row above self
3: ID of object in row above self
4: relative x distance to object in row below self
5: ID of object in row below self
6: relative x distance to object in current row of self
7: ID of object in current row of self
0: C4.5 Tree
1: C4.5 Tree
2: C4.5 Tree
3: C4.5 Tree
4: C4.5 Tree
5: C4.5 Tree
6: C4.5 Tree
7: C4.5 Tree
REWARD: C4.5 Tree
TERMINAL: C4.5 Tree

sudheendra
Architecture:          x86_64
CPU op-mode(s):        32-bit, 64-bit
CPU(s):                24
Thread(s) per core:    2
Core(s) per socket:    6
CPU socket(s):         2
NUMA node(s):          2
Vendor ID:             GenuineIntel
CPU family:            6
Model:                 44
Stepping:              2
CPU MHz:               3458.101
Virtualization:        VT-x
L1d cache:             32K
L1i cache:             32K
L2 cache:              256K
L3 cache:              12288K
MemTotal:       198480364 kB
MemFree:        112877204 kB


score	#steps	#invld
100	118	0
50	61	0
50	43	0
150	38	0
250	113	0
100	41	0
50	40	0
50	48	0
100	54	0
100	48	0
50	44	0
100	117	0
100	51	0
100	50	0
100	102	0
50	75	0
50	41	0
200	212	0
200	201	0
300	214	0
50	48	0
50	45	0
50	45	0
50	45	0
50	48	0
50	47	0
50	51	0
50	48	0
50	43	0
50	49	0
50	44	0
50	45	0
50	48	0
50	48	0
50	43	0
50	48	0
50	48	0
50	45	0
50	47	0
50	47	0
50	48	0
50	48	0
50	48	0
50	48	0
50	51	0
50	48	0
50	48	0
50	48	0
50	48	0
50	48	0
50	48	0
50	48	0
50	48	0
50	48	0
50	48	0
50	48	0
50	48	0
50	48	0
50	50	0
50	51	0
50	44	0
50	52	0
100	49	0
100	119	0
50	49	0
50	48	0
50	51	0
50	44	0
50	55	0
50	51	0
50	48	0
50	51	0
50	53	0
50	53	0
50	53	0
50	48	0
100	109	0
200	212	0
50	47	0
50	46	0
50	46	0
50	46	0
50	49	0
50	46	0
50	46	0
50	51	0
50	51	0
50	48	0
50	48	0
50	48	0
50	48	0
50	45	0
50	48	0
50	48	0
50	48	0
50	48	0
50	48	0
50	48	0
50	48	0
50	48	0
50	49	0
50	46	0
50	48	0
50	86	0
50	46	0
50	48	0
50	46	0
50	48	0
50	48	0
50	48	0
50	49	0
50	46	0
150	189	0
50	49	0
50	51	0
50	46	0
50	47	0
50	46	0
50	49	0
50	47	0
50	46	0
100	120	0
100	112	0
50	47	0
50	49	0
50	49	0
50	49	0
50	46	0
50	47	0
50	47	0
50	44	0
50	46	0
50	47	0
50	49	0
50	46	0
50	45	0
150	254	0
50	46	0
50	48	0
50	56	0
50	49	0
50	52	0
50	122	0
50	48	0
50	114	0
50	56	0
50	47	0
50	120	0
250	387	0
100	110	0
50	111	0
50	110	0
50	114	0
200	112	0
100	112	0
50	42	0
50	49	0
50	44	0
50	51	0
50	48	0
50	46	0
50	49	0
100	189	0
150	218	0
150	185	0
100	187	0
50	53	0
50	44	0
50	51	0
50	51	0
50	51	0
50	119	0
100	219	0
50	119	0
50	119	0
200	309	0
150	245	0
50	49	0
50	49	0
50	119	0
50	119	0
50	119	0
50	125	0
50	119	0
200	217	0
400	488	0
50	119	0
50	53	0
50	53	0
50	51	0
50	51	0
50	55	0
50	55	0
50	56	0
100	51	0
100	49	0
100	49	0
100	115	0
150	129	0
100	49	0
100	49	0
250	242	0
100	122	0
250	244	0
250	244	0
200	212	0
200	212	0
200	212	0
250	242	0
250	212	0
150	184	0
200	212	0
150	145	0
100	114	0
150	145	0
250	243	0
200	212	0
100	118	0
150	145	0
150	145	0
150	145	0
150	145	0
250	243	0
250	243	0
100	105	0
250	241	0
250	241	0
250	239	0
150	155	0
250	244	0
250	244	0
50	51	0
50	51	0
50	51	0
50	51	0
50	48	0
50	47	0
100	110	0
50	121	0
50	121	0
100	209	0
100	110	0
100	110	0
100	110	0
50	119	0
100	88	0
50	118	0
100	110	0
50	110	0
50	118	0
50	118	0
50	119	0
50	118	0
50	118	0
50	51	0
50	51	0
50	118	0
50	118	0
50	51	0
50	51	0
50	51	0
50	145	0
50	51	0
50	51	0
50	51	0
50	51	0
50	120	0
50	50	0
50	118	0
50	45	0
50	119	0
50	49	0
50	120	0
50	124	0
100	86	0
50	117	0
50	120	0
50	120	0
300	306	0
50	115	0
150	243	0
50	115	0
100	206	0
150	188	0
50	121	0
100	209	0
50	121	0
100	206	0
50	110	0
100	211	0
100	110	0
100	110	0
250	256	0
50	120	0
50	120	0
150	244	0
50	120	0
50	120	0
50	110	0
50	120	0
50	120	0
50	110	0
50	111	0
50	120	0
150	244	0
50	120	0
50	120	0
50	120	0
50	50	0
50	53	0
50	53	0
50	111	0
50	120	0
50	120	0
50	111	0
50	111	0
50	111	0
50	120	0
50	120	0
50	84	0
50	120	0
50	120	0
50	120	0
50	120	0
50	120	0
50	120	0
50	120	0
50	111	0
50	120	0
50	111	0
50	116	0
50	116	0
50	120	0
50	120	0
50	120	0
50	120	0
50	120	0
50	116	0
50	111	0
50	120	0
50	120	0
50	120	0
50	110	0
50	110	0
150	244	0
50	110	0
50	110	0
50	120	0
50	120	0
50	114	0
50	121	0
50	122	0
50	122	0
50	123	0
50	122	0
50	122	0
50	117	0
50	122	0
50	122	0
50	122	0
50	120	0
50	120	0
50	120	0
50	123	0
50	123	0
50	123	0
50	123	0
50	123	0
50	123	0
50	123	0
50	123	0
50	123	0
50	123	0
50	123	0
50	113	0
50	122	0
50	116	0
50	122	0
50	114	0
50	122	0
150	244	0
50	122	0
50	110	0
50	114	0
150	244	0
50	114	0
150	244	0
50	114	0
50	122	0
50	115	0
50	122	0
50	114	0
50	123	0
50	123	0
50	112	0
50	114	0
50	112	0
50	112	0
50	112	0
50	112	0
50	112	0
50	112	0
50	112	0
50	112	0
50	112	0
50	123	0
50	123	0
50	123	0
50	49	0
50	51	0
50	51	0
50	51	0
50	51	0
50	51	0
50	51	0
50	51	0
50	53	0
50	53	0
50	53	0
50	53	0
50	53	0
50	53	0
50	53	0
50	53	0
50	53	0
50	53	0
50	53	0
50	53	0
50	53	0
50	53	0
50	53	0
50	53	0
50	53	0
50	53	0
50	53	0
50	53	0
50	53	0
50	53	0
50	53	0
50	53	0
50	53	0
50	53	0
50	49	0
50	49	0
50	49	0
50	53	0
50	53	0
50	49	0
50	49	0
50	49	0
50	49	0
50	129	0
50	49	0
50	53	0
50	122	0
50	122	0
50	129	0
100	179	0
50	116	0
50	115	0
50	115	0
50	116	0
50	116	0
50	116	0
50	110	0
50	116	0
50	110	0
50	110	0
50	110	0
50	123	0
50	123	0
50	110	0
50	110	0
50	110	0
50	123	0
50	123	0
50	123	0
50	85	0
50	85	0
200	213	0
50	123	0
50	123	0
50	123	0
50	123	0
50	123	0
50	123	0
50	123	0
50	123	0
50	123	0
50	110	0
50	113	0
50	112	0
50	112	0
50	106	0
50	114	0
50	116	0
50	116	0
50	116	0
100	215	0
150	240	0
50	116	0
50	122	0
50	123	0
50	122	0
50	122	0
50	122	0
50	105	0
50	106	0
50	107	0
50	85	0
50	85	0
50	87	0
50	87	0
50	87	0
50	53	0
50	53	0
50	53	0
50	53	0
50	53	0
50	53	0
50	53	0
50	53	0
50	53	0
50	53	0
50	53	0
50	87	0
50	112	0
50	112	0
50	112	0
50	116	0
50	116	0
50	112	0
50	114	0
50	110	0
50	110	0
150	240	0
50	110	0
100	256	0
50	125	0
50	123	0
50	123	0
50	123	0
50	123	0
50	123	0
50	124	0
50	124	0
50	123	0
50	123	0
50	123	0
50	123	0
50	124	0
50	124	0
50	112	0
50	112	0
50	116	0
50	114	0
50	124	0
50	123	0
50	123	0
50	110	0
50	53	0
50	53	0
50	53	0
50	53	0
50	53	0
50	53	0
50	110	0
50	110	0
50	110	0
50	110	0
50	110	0
50	87	0
50	87	0
50	87	0
50	87	0
50	87	0
50	87	0
50	87	0
50	87	0
50	87	0
50	87	0
50	87	0
50	87	0
50	87	0
50	87	0
50	87	0
50	87	0
50	87	0
50	87	0
50	87	0
50	110	0
50	111	0
50	111	0
50	111	0
50	111	0
50	111	0
50	112	0
50	110	0
50	110	0
50	110	0
