12.28.2012
16.12.08
condor_exec.exe --agent texplore --actrate 3 --explore variancenovelty --n 5 --v 2 --rom ./games/asterix.bin --history 1 --model c45tree 

Specialized environment for Asterix, uses 8 features:
0: self x position
1: self row #
2: relative x distance to object in row above self
3: ID of object in row above self
4: relative x distance to object in row below self
5: ID of object in row below self
6: relative x distance to object in current row of self
7: ID of object in current row of self
0: C4.5 Tree
1: C4.5 Tree
2: C4.5 Tree
3: C4.5 Tree
4: C4.5 Tree
5: C4.5 Tree
6: C4.5 Tree
7: C4.5 Tree
REWARD: C4.5 Tree
TERMINAL: C4.5 Tree

sudheendra
Architecture:          x86_64
CPU op-mode(s):        32-bit, 64-bit
CPU(s):                24
Thread(s) per core:    2
Core(s) per socket:    6
CPU socket(s):         2
NUMA node(s):          2
Vendor ID:             GenuineIntel
CPU family:            6
Model:                 44
Stepping:              2
CPU MHz:               3458.101
Virtualization:        VT-x
L1d cache:             32K
L1i cache:             32K
L2 cache:              256K
L3 cache:              12288K
MemTotal:       198480364 kB
MemFree:        112898664 kB


score	#steps	#invld
50	101	0
250	297	0
50	64	0
50	63	0
50	101	0
50	62	0
300	418	0
50	60	0
50	105	0
100	202	0
50	89	0
50	56	0
50	54	0
50	54	0
50	54	0
50	54	0
50	54	0
50	54	0
50	54	0
50	52	0
100	196	0
50	47	0
50	47	0
450	699	0
200	426	0
300	425	0
50	54	0
50	54	0
50	54	0
50	54	0
50	47	0
50	54	0
250	426	0
250	426	0
450	886	0
200	358	0
300	553	0
50	48	0
50	54	0
50	54	0
50	54	0
50	49	0
100	187	0
50	54	0
50	54	0
50	54	0
50	54	0
50	54	0
50	54	0
50	54	0
50	54	0
50	54	0
550	1000	0
50	54	0
550	1000	0
550	1000	0
550	1000	0
550	1000	0
550	1000	0
550	1000	0
550	1000	0
550	1000	0
550	1000	0
550	1000	0
550	1000	0
550	1000	0
550	1000	0
550	1000	0
550	1000	0
550	1000	0
550	1000	0
550	1000	0
550	1000	0
550	1000	0
550	1000	0
550	1000	0
550	1000	0
550	1000	0
550	1000	0
550	1000	0
550	1000	0
550	1000	0
550	1000	0
550	1000	0
550	1000	0
150	306	0
50	110	0
50	110	0
50	110	0
50	111	0
100	212	0
100	244	0
50	116	0
100	208	0
100	208	0
50	108	0
50	107	0
100	208	0
50	110	0
50	114	0
50	114	0
50	112	0
100	208	0
50	114	0
50	113	0
50	111	0
50	56	0
50	54	0
200	332	0
100	124	0
100	123	0
100	193	0
50	53	0
100	123	0
100	196	0
200	325	0
50	57	0
50	56	0
50	46	0
50	46	0
50	46	0
50	55	0
50	54	0
50	55	0
50	55	0
100	182	0
100	180	0
50	116	0
100	152	0
100	183	0
50	54	0
50	81	0
50	81	0
50	81	0
50	83	0
50	54	0
50	81	0
50	53	0
50	46	0
50	46	0
50	53	0
50	49	0
50	43	0
50	44	0
50	44	0
50	47	0
50	44	0
100	49	0
200	279	0
150	246	0
200	277	0
150	178	0
100	49	0
150	177	0
100	83	0
100	50	0
100	47	0
100	48	0
100	47	0
100	47	0
100	47	0
100	47	0
100	47	0
100	47	0
100	81	0
100	47	0
100	47	0
100	47	0
100	47	0
100	47	0
100	47	0
100	47	0
100	47	0
100	47	0
100	47	0
100	47	0
100	47	0
100	47	0
100	47	0
100	47	0
100	47	0
100	47	0
100	47	0
100	47	0
100	47	0
100	47	0
100	47	0
100	47	0
100	47	0
100	47	0
100	48	0
100	47	0
100	46	0
100	47	0
100	47	0
100	45	0
100	44	0
100	44	0
100	43	0
100	43	0
100	43	0
100	43	0
100	46	0
100	43	0
100	43	0
100	43	0
100	43	0
100	43	0
100	43	0
100	43	0
100	43	0
100	43	0
100	43	0
100	43	0
100	41	0
100	41	0
100	41	0
100	41	0
100	41	0
100	41	0
100	41	0
100	41	0
100	42	0
100	43	0
100	43	0
100	43	0
100	43	0
100	43	0
100	43	0
100	43	0
100	43	0
100	43	0
100	43	0
100	43	0
100	43	0
100	43	0
100	43	0
100	43	0
100	43	0
100	43	0
100	43	0
100	43	0
100	43	0
100	43	0
100	43	0
100	43	0
100	43	0
100	43	0
100	43	0
100	43	0
100	43	0
100	43	0
100	43	0
100	43	0
100	43	0
100	43	0
100	43	0
100	43	0
100	43	0
100	43	0
100	43	0
100	43	0
100	43	0
100	43	0
100	43	0
100	43	0
100	43	0
100	43	0
100	43	0
100	43	0
100	43	0
100	43	0
100	43	0
100	43	0
100	43	0
50	47	0
100	43	0
100	43	0
100	43	0
100	43	0
100	43	0
100	43	0
100	43	0
100	43	0
100	43	0
100	45	0
100	43	0
100	43	0
100	45	0
100	45	0
100	45	0
100	45	0
100	45	0
100	45	0
100	45	0
100	45	0
100	45	0
100	45	0
100	45	0
100	45	0
100	45	0
100	45	0
100	45	0
100	45	0
100	45	0
100	45	0
100	45	0
100	45	0
100	45	0
100	45	0
100	45	0
100	45	0
100	45	0
50	109	0
50	107	0
50	10