12.28.2012
16.12.08
condor_exec.exe --agent texplore --actrate 3 --explore variancenovelty --n 5 --v 2 --rom ./games/asterix.bin --history 1 --model c45tree 

Specialized environment for Asterix, uses 8 features:
0: self x position
1: self row #
2: relative x distance to object in row above self
3: ID of object in row above self
4: relative x distance to object in row below self
5: ID of object in row below self
6: relative x distance to object in current row of self
7: ID of object in current row of self
0: C4.5 Tree
1: C4.5 Tree
2: C4.5 Tree
3: C4.5 Tree
4: C4.5 Tree
5: C4.5 Tree
6: C4.5 Tree
7: C4.5 Tree
REWARD: C4.5 Tree
TERMINAL: C4.5 Tree

sudheendra
Architecture:          x86_64
CPU op-mode(s):        32-bit, 64-bit
CPU(s):                24
Thread(s) per core:    2
Core(s) per socket:    6
CPU socket(s):         2
NUMA node(s):          2
Vendor ID:             GenuineIntel
CPU family:            6
Model:                 44
Stepping:              2
CPU MHz:               3458.101
Virtualization:        VT-x
L1d cache:             32K
L1i cache:             32K
L2 cache:              256K
L3 cache:              12288K
MemTotal:       198480364 kB
MemFree:        112918232 kB


score	#steps	#invld
100	45	0
250	256	0
100	97	0
50	52	0
50	122	0
150	240	0
50	47	0
250	405	0
50	106	0
50	106	0
50	106	0
50	47	0
50	45	0
50	45	0
50	43	0
50	45	0
50	45	0
50	44	0
50	45	0
50	44	0
50	40	0
50	45	0
50	43	0
50	43	0
50	43	0
50	42	0
50	43	0
150	228	0
50	42	0
50	76	0
50	45	0
50	49	0
50	85	0
50	51	0
50	47	0
50	45	0
50	43	0
50	43	0
50	45	0
250	215	0
50	49	0
50	49	0
50	45	0
50	45	0
50	45	0
50	51	0
50	53	0
50	57	0
50	59	0
50	55	0
50	59	0
50	59	0
50	59	0
50	59	0
50	59	0
50	59	0
50	59	0
50	59	0
50	59	0
50	59	0
50	57	0
50	47	0
50	59	0
50	55	0
100	126	0
50	47	0
50	55	0
50	53	0
50	53	0
50	53	0
50	53	0
50	53	0
50	57	0
50	53	0
50	53	0
50	53	0
50	51	0
50	53	0
50	53	0
50	55	0
50	51	0
50	51	0
50	53	0
50	51	0
50	53	0
50	53	0
50	55	0
50	55	0
50	51	0
50	53	0
50	53	0
50	53	0
50	49	0
50	55	0
50	49	0
50	49	0
50	49	0
50	50	0
50	46	0
50	49	0
50	49	0
50	51	0
50	56	0
50	49	0
50	44	0
50	43	0
50	49	0
50	43	0
50	43	0
50	43	0
50	48	0
50	43	0
50	43	0
50	43	0
50	43	0
50	43	0
50	47	0
50	51	0
50	43	0
50	43	0
50	43	0
50	42	0
50	43	0
50	43	0
50	43	0
50	43	0
50	42	0
50	43	0
50	43	0
50	43	0
50	43	0
50	43	0
50	43	0
50	42	0
50	43	0
50	43	0
50	43	0
50	43	0
50	43	0
50	49	0
50	55	0
50	49	0
150	291	0
50	51	0
50	49	0
50	51	0
50	51	0
50	43	0
50	43	0
50	43	0
50	43	0
50	43	0
50	43	0
50	44	0
50	44	0
50	44	0
50	45	0
50	45	0
50	45	0
50	45	0
50	45	0
50	45	0
50	45	0
50	45	0
50	45	0
50	45	0
50	45	0
50	45	0
50	45	0
50	45	0
50	45	0
50	45	0
50	45	0
50	45	0
50	45	0
50	45	0
50	45	0
50	45	0
50	45	0
50	45	0
50	45	0
50	45	0
300	254	0
250	402	0
350	609	0
50	44	0
50	44	0
50	44	0
50	44	0
50	44	0
50	45	0
50	45	0
50	45	0
50	45	0
50	45	0
200	308	0
50	45	0
50	45	0
50	45	0
50	45	0
50	45	0
50	45	0
50	45	0
50	45	0
150	210	0
250	407	0
50	44	0
50	44	0
50	44	0
50	44	0
50	43	0
50	45	0
50	45	0
250	326	0
150	206	0
200	329	0
250	409	0
450	483	0
500	802	0
300	497	0
550	683	0
250	409	0
250	263	0
150	220	0
350	507	0
150	224	0
150	206	0
150	206	0
150	214	0
150	205	0
50	45	0
150	213	0
150	213	0
150	213	0
150	205	0
150	207	0
150	207	0
50	45	0
50	45	0
50	45	0
50	45	0
50	45	0
50	45	0
50	45	0
50	45	0
50	45	0
50	45	0
150	213	0
150	207	0
150	214	0
200	317	0
300	402	0
150	209	0
250	304	0
250	304	0
50	45	0
200	311	0
150	217	0
150	217	0
150	206	0
150	205	0
200	312	0
150	217	0
150	217	0
150	205	0
150	205	0
150	206	0
150	206	0
100	116	0
150	206	0
150	213	0
150	253	0
100	143	0
150	216	0
150	216	0
150	216	0
150	205	0
150	214	0
150	214	0
150	216	0
150	215	0
150	218	0
150	218	0
150	205	0
150	205	0
150	205	0
50	45	0
150	205	0
150	205	0
150	215	0
150	215	0
150	205	0
150	204	0
150	205	0
150	220	0
150	205	0
150	205	0
150	206	0
150	205	0
150	205	0
150	205	0
150	205	0
150	205	0
150	205	0
150	205	0
150	205	0
150	205	0
150	205	0
150	205	0
150	205	0
150	205	0
150	206	0
150	205	0
150	205	0
150	205	0
150	205	0
150	205	0
150	205	0
150	205	0
150	205	0
150	205	0
150	205	0
150	205	0
150	205	0
150	205	0
150	205	0
50	45	0
50	45	0
150	205	0
150	205