01.02.2013
13.46.10
condor_exec.exe --agent texplore --actrate 1 --explore variancenovelty --n 5 --v 2 --rom ./games/asterix.bin --history 1 --model c45tree 

Specialized environment for Asterix, uses 8 features:
0: self x position
1: self row #
2: relative x distance to object in row above self
3: ID of object in row above self
4: relative x distance to object in row below self
5: ID of object in row below self
6: relative x distance to object in current row of self
7: ID of object in current row of self
0: C4.5 Tree
1: C4.5 Tree
2: C4.5 Tree
3: C4.5 Tree
4: C4.5 Tree
5: C4.5 Tree
6: C4.5 Tree
7: C4.5 Tree
REWARD: C4.5 Tree
TERMINAL: C4.5 Tree

gundabad-1
Architecture:          x86_64
CPU op-mode(s):        32-bit, 64-bit
CPU(s):                24
Thread(s) per core:    2
Core(s) per socket:    6
CPU socket(s):         2
NUMA node(s):          2
Vendor ID:             GenuineIntel
CPU family:            6
Model:                 44
Stepping:              2
CPU MHz:               3457.765
Virtualization:        VT-x
L1d cache:             32K
L1i cache:             32K
L2 cache:              256K
L3 cache:              12288K
MemTotal:       99193400 kB
MemFree:        48068092 kB


score	#steps	#invld
100	38	0
50	38	0
150	49	0
50	48	0
100	47	0
100	121	0
50	54	0
500	879	0
50	51	0
50	54	0
50	51	0
50	55	0
100	47	0
650	1000	0
50	120	0
50	51	0
150	154	0
400	703	0
100	207	0
50	50	0
100	143	0
50	111	0
50	87	0
50	50	0
100	107	0
100	114	0
50	49	0
50	49	0
50	55	0
300	264	0
50	49	0
50	47	0
50	47	0
50	47	0
50	49	0
50	46	0
100	103	0
150	210	0
100	109	0
100	111	0
50	48	0
50	48	0
100	105	0
100	107	0
150	115	0
100	106	0
200	213	0
100	107	0
100	103	0
200	202	0
300	388	0
100	101	0
100	101	0
100	126	0
100	101	0
100	142	0
100	106	0
100	106	0
100	106	0
150	199	0
100	106	0
100	106	0
100	106	0
100	106	0
100	107	0
100	106	0
100	106	0
100	102	0
100	101	0
200	221	0
100	101	0
100	101	0
100	101	0
100	101	0
100	101	0
100	101	0
100	47	0
100	101	0
100	101	0
100	106	0
100	106	0
100	101	0
100	106	0
200	254	0
100	105	0
100	101	0
50	48	0
50	48	0
100	101	0
100	101	0
100	101	0
100	101	0
250	250	0
100	101	0
250	249	0
100	101	0
100	101	0
100	101	0
100	101	0
100	101	0
100	101	0
100	101	0
50	48	0
50	47	0
50	64	0
50	55	0
100	101	0
100	101	0
100	101	0
100	101	0
100	114	0
100	101	0
100	104	0
100	104	0
100	112	0
100	104	0
100	104	0
100	104	0
100	103	0
100	110	0
100	104	0
100	103	0
100	104	0
100	103	0
200	201	0
200	201	0
100	102	0
100	102	0
100	102	0
100	102	0
100	102	0
100	102	0
100	102	0
100	105	0
100	105	0
100	105	0
150	199	0
150	212	0
200	199	0
50	48	0
250	183	0
100	115	0
200	202	0
200	202	0
200	202	0
50	50	0
200	202	0
50	48	0
50	53	0
200	202	0
200	202	0
200	199	0
100	110	0
100	110	0
100	105	0
100	105	0
100	105	0
100	105	0
100	105	0
100	105	0
100	105	0
100	105	0
100	103	0
100	101	0
100	101	0
100	102	0
100	102	0
100	102	0
50	53	0
50	53	0
50	82	0
50	45	0
100	102	0
100	102	0
100	102	0
100	102	0
100	102	0
100	104	0
100	104	0
100	104	0
200	202	0
100	104	0
100	101	0
100	103	0
300	395	0
350	340	0
100	103	0
50	43	0
200	203	0
400	492	0
150	183	0
50	47	0
100	153	0
50	51	0
50	81	0
50	45	0
50	57	0
50	48	0
50	47	0
50	47	0
50	47	0
50	47	0
50	47	0
50	45	0
50	59	0
50	59	0
50	45	0
50	48	0
50	52	0
50	45	0
50	43	0
50	43	0
50	43	0
50	43	0
50	47	0
50	82	0
50	47	0
50	47	0
50	46	0
50	46	0
50	46	0
50	46	0
50	53	0
50	53	0
50	51	0
50	50	0
50	53	0
50	53	0
50	53	0
50	53	0
50	46	0
50	44	0
50	44	0
50	44	0
50	43	0
50	43	0
50	52	0
50	51	0
50	51	0
50	46	0
50	51	0
50	51	0
50	51	0
50	51	0
50	51	0
50	51	0
50	51	0
50	51	0
50	51	0
50	51	0
50	43	0
50	43	0
50	43	0
50	51	0
50	51	0
150	145	0
150	155	0
150	155	0
200	199	0
150	149	0
100	101	0
100	101	0
100	101	0
100	101	0
50	51	0
50	51	0
50	51	0
50	51	0
50	51	0
50	51	0
50	51	0
50	51	0
50	51	0
50	51	0
50	51	0
50	51	0
50	51	0
50	51	0
50	51	0
50	52	0
50	52	0
100	101	0
200	203	0
150	144	0
300	351	0
100	101	0
50	43	0
50	43	0
50	52	0
50	50	0
50	50	0
50	50	0
50	50	0
200	201	0
200	201	0
100	101	0
50	51	0
50	51	0
50	51	0
50	51	0
50	51	0
50	51	0
50	51	0
50	52	0
50	51	0
50	43	0
50	43	0
50	43	0
50	43	0
50	43	0
100	101	0
100	104	0
100	103	0
100	114	0
50	45	0
50	51	0
50	51	0
50	53	0
50	53	0
50	48	0
100	104	0
100	104	0
100	104	0
100	114	0
350	305	0
100	102	0
100	104	0
50	51	0
50	51	0
100	101	0
100	101	0
100	116	0
100	102	0
100	103	0
100	102	0
100	102	0
100	102	0
100	102	0
100	102	0
50	51	0
50	51	0
50	50	0
50	50	0
50	52	0
50	52	0
50	50	0
50	51	0
50	47	0
50	45	0
50	45	0
50	42	0
50	41	0
50	50	0
50	47	0
50	50	0
50	50	0
50	47	0
50	47	0
50	51	0
50	50	0
50	47	0
50	47	0
50	47	0
50	41	0
50	48	0
50	47	0
50	45	0
50	49	0
50	48	0
50	48	0
50	48	0
50	49	0
50	49	0
50	49	0
50	49	0
50	49	0
50	49	0
50	49	0
100	117	0
100	122	0
100	122	0
100	103	0
100	103	0
100	103	0
100	103	0
100	102	0
100	102	0
100	102	0
100	102	0
100	102	0
100	102	0
100	102	0
100	102	0
100	102	0
100	102	0
100	102	0
100	102	0
100	102	0
100	102	0
100	102	0
100	102	0
100	105	0
100	105	0
100	105	0
100	105	0
100	105	0
100	105	0
100	105	0
100	105	0
100	102	0
100	102	0
100	102	0
100	102	0
100	102	0
100	102	0
100	102	0
100	102	0
100	102	0
100	102	0
100	102	0
100	102	0
100	102	0
100	102	0
100	102	0
100	102	0
100	102	0
100	102	0
100	102	0
100	102	0
100	102	0
100	102	0
100	102	0
100	102	0
100	105	0
100	105	0
100	104	0
100	104	0
100	102	0
100	102	0
100	102	0
100	102	0
100	102	0
100	102	0
100	102	0
100	102	0
100	102	0
100	102	0
100	102	0
100	102	0
100	102	0
100	102	0
100	102	0
100	102	0
100	102	0
100	102	0
100	102	0
150	234	0
200	179	0
100	108	0
100	108	0
100	108	0
100	108	0
150	199	0
100	108	0
100	108	0
100	108	0
100	108	0
100	108	0
150	160	0
350	321	0
200	134	0
250	258	0
300	439	0
150	199	0
250	299	0
150	199	0
150	199	0
150	199	0
100	108	0
150	199	0
150	199	0
250	299	0
250	299	0
250	299	0
200	208	0
200	297	0
300	471	0
250	396	0
250	395	0
50	47	0
50	49	0
450	786	0
150	199	0
150	199	0
600	1000	0
350	590	0
600	1000	0
50	51	0
50	49	0
50	51	0
50	46	0
50	45	0
50	45	0
50	46	0
50	45	0
50	44	0
600	1000	0
600	1000	0
250	395	0
300	492	0
250	396	0
350	594	0
300	492	0
300	492	0
300	492	0
300	492	0
600	1000	0
600	1000	0
600	1000	0
600	1000	0
600	1000	0
600	1000	0
600	1000	0
600	1000	0
600	1000	0
600	1000	0
50	47	0
50	47	0
600	1000	0
600	1000	0
50	47	0
50	47	0
50	47	0
50	47	0
50	47	0
50	47	0
50	47	0
50	47	0
50	47	0
50	47	0
50	47	0
50	47	0
50	47	0
50	47	0
50	47	0
50	47	0
50	47	0
50	47	0
50	47	0
50	47	0
50	47	0
50	47	0
50	47	0
50	47	0
50	47	0
50	47	0
50	47	0
50	47	0
50	47	0
50	46	0
50	45	0
50	45	0
50	45	0
50	47	0
50	47	0
50	47	0
50	47	0
50	47	0
50	47	0
50	47	0
50	45	0
50	47	0
50	47	0
50	47	0
50	47	0
50	47	0
50	47	0
50	46	0
50	45	0
50	45	0
50	45	0
50	45	0
50	45	0
50	45	0
50	45	0
50	47	0
50	45	0
50	45	0
50	45	0
50	45	0
50	45	0
50	45	0
50	45	0
50	45	0
50	45	0
50	45	0
50	45	0
50	45	0
50	45	0
50	45	0
