01.02.2013
14.17.49
condor_exec.exe --agent texplore --actrate 1 --explore variancenovelty --n 5 --v 2 --rom ./games/asterix.bin --model c45tree 

Specialized environment for Asterix, uses 8 features:
0: self x position
1: self row #
2: relative x distance to object in row above self
3: ID of object in row above self
4: relative x distance to object in row below self
5: ID of object in row below self
6: relative x distance to object in current row of self
7: ID of object in current row of self
0: C4.5 Tree
1: C4.5 Tree
2: C4.5 Tree
3: C4.5 Tree
4: C4.5 Tree
5: C4.5 Tree
6: C4.5 Tree
7: C4.5 Tree
REWARD: C4.5 Tree
TERMINAL: C4.5 Tree

sudheendra
Architecture:          x86_64
CPU op-mode(s):        32-bit, 64-bit
CPU(s):                24
Thread(s) per core:    2
Core(s) per socket:    6
CPU socket(s):         2
NUMA node(s):          2
Vendor ID:             GenuineIntel
CPU family:            6
Model:                 44
Stepping:              2
CPU MHz:               3458.101
Virtualization:        VT-x
L1d cache:             32K
L1i cache:             32K
L2 cache:              256K
L3 cache:              12288K
MemTotal:       198480364 kB
MemFree:        161042588 kB


score	#steps	#invld
50	44	0
50	45	0
250	250	0
50	51	0
100	59	0
100	43	0
100	48	0
250	157	0
100	81	0
100	47	0
150	49	0
50	49	0
100	49	0
100	49	0
100	49	0
100	49	0
100	49	0
100	49	0
50	47	0
50	49	0
100	49	0
100	50	0
100	48	0
100	48	0
100	50	0
100	48	0
150	49	0
50	49	0
100	50	0
50	49	0
100	48	0
100	51	0
50	49	0
0	44	0
0	48	0
50	49	0
50	49	0
50	49	0
100	52	0
100	51	0
100	49	0
100	49	0
100	49	0
50	48	0
50	49	0
50	49	0
50	49	0
150	49	0
50	49	0
150	49	0
100	48	0
100	48	0
150	45	0
150	45	0
150	46	0
150	46	0
150	47	0
150	47	0
150	46	0
150	46	0
150	45	0
150	45	0
150	46	0
150	46	0
150	45	0
150	45	0
150	45	0
150	45	0
150	79	0
150	45	0
150	45	0
150	45	0
100	51	0
150	45	0
150	45	0
150	45	0
150	45	0
50	49	0
150	45	0
150	43	0
150	43	0
150	43	0
150	43	0
150	43	0
150	43	0
150	43	0
150	43	0
150	43	0
150	43	0
150	44	0
150	44	0
150	44	0
150	46	0
150	46	0
150	46	0
150	46	0
150	44	0
150	43	0
150	43	0
50	49	0
150	43	0
150	43	0
150	44	0
150	44	0
150	46	0
150	48	0
150	48	0
150	48	0
150	43	0
150	43	0
150	43	0
150	43	0
150	43	0
150	43	0
150	43	0
150	43	0
150	43	0
150	43	0
150	43	0
150	43	0
150	43	0
150	43	0
150	43	0
150	43	0
150	43	0
150	43	0
150	43	0
150	43	0
150	43	0
150	43	0
150	43	0
150	43	0
150	43	0
150	43	0
150	43	0
150	43	0
150	43	0
150	43	0
150	43	0
150	43	0
150	43	0
150	43	0
150	43	0
150	43	0
150	48	0
150	48	0
150	48	0
150	48	0
150	47	0
150	44	0
150	44	0
150	44	0
150	44	0
150	44	0
150	44	0
150	44	0
150	44	0
150	44	0
150	44	0
150	44	0
150	44	0
150	44	0
150	45	0
150	45	0
150	43	0
150	43	0
150	43	0
150	43	0
150	43	0
150	43	0
150	43	0
150	43	0
150	43	0
150	43	0
150	43	0
150	45	0
150	44	0
150	45	0
150	45	0
150	45	0
150	45	0
150	45	0
150	45	0
150	45	0
150	45	0
150	45	0
150	45	0
150	45	0
150	45	0
150	45	0
150	45	0
150	45	0
150	45	0
150	45	0
150	45	0
150	45	0
150	45	0
150	45	0
150	45	0
150	45	0
150	45	0
150	45	0
150	45	0
150	44	0
150	44	0
150	48	0
150	46	0
150	48	0
150	48	0
150	44	0
150	45	0
150	44	0
150	48	0
150	46	0
150	46	0
150	46	0
150	46	0
150	46	0
150	46	0
150	46	0
150	46	0
150	47	0
150	47	0
150	46	0
150	46	0
150	46	0
150	46	0
150	46	0
150	46	0
150	46	0
250	148	0
250	116	0
250	147	0
250	148	0
150	45	0
150	106	0
350	122	0
250	147	0
400	187	0
250	147	0
150	45	0
150	45	0
150	45	0
250	147	0
150	45	0
400	219	0
350	253	0
250	182	0
250	147	0
300	216	0
150	46	0
150	46	0
150	46	0
150	46	0
150	46	0
150	46	0
150	46	0
150	46	0
150	41	0
150	46	0
150	48	0
150	46	0
150	46	0
150	46	0
150	46	0
150	46	0
150	46	0
150	46	0
150	47	0
150	47	0
150	46	0
150	46	0
150	46	0
150	46	0
150	47	0
150	47	0
150	47	0
150	47	0
150	47	0
150	46	0
150	46	0
150	47	0
150	47	0
150	47	0
150	47	0
150	47	0
150	47	0
150	43	0
150	43	0
150	46	0
150	47	0
400	222	0
250	147	0
150	43	0
150	43	0
150	43	0
150	43	0
150	43	0
150	43	0
150	43	0
150	43	0
150	43	0
250	147	0
450	287	0
450	296	0
400	236	0
450	219	0
400	236	0
350	250	0
400	191	0
400	191	0
350	189	0
200	122	0
250	147	0
200	122	0
200	115	0
450	222	0
400	285	0
350	180	0
550	317	0
450	218	0
400	249	0
300	183	0
250	147	0
250	147	0
400	214	0
350	257	0
350	214	0
350	188	0
350	187	0
200	125	0
200	116	0
200	156	0
200	114	0
200	125	0
250	120	0
350	215	0
400	214	0
450	217	0
450	215	0
200	125	0
600	353	0
150	43	0
150	44	0
150	43	0
150	113	0
200	125	0
150	44	0
150	43	0
150	43	0
150	43	0
150	43	0
150	44	0
150	45	0
150	45	0
150	45	0
150	45	0
150	45	0
700	412	0
450	287	0
550	342	0
500	355	0
550	318	0
400	220	0
250	144	0
350	217	0
200	125	0
200	120	0
350	216	0
600	357	0
200	125	0
200	120	0
350	216	0
200	122	0
150	109	0
350	217	0
200	122	0
250	119	0
750	416	0
400	220	0
250	141	0
350	216	0
350	217	0
600	411	0
250	141	0
400	234	0
300	189	0
300	186	0
350	202	0
450	217	0
350	220	0
550	317	0
300	220	0
200	113	0
150	106	0
150	103	0
150	103	0
200	122	0
200	122	0
200	113	0
200	113	0
150	114	0
150	114	0
150	114	0
200	114	0
200	113	0
200	113	0
200	115	0
200	122	0
200	122	0
200	122	0
200	114	0
200	112	0
200	114	0
200	114	0
200	114	0
200	122	0
200	122	0
200	122	0
150	117	0
200	122	0
200	115	0
200	120	0
200	120	0
200	120	0
200	122	0
150	117	0
150	117	0
150	109	0
200	112	0
250	245	0
200	122	0
200	116	0
150	120	0
200	120	0
350	205	0
300	226	0
200	103	0
200	115	0
200	115	0
200	122	0
600	385	0
550	355	0
550	318	0
350	215	0
200	123	0
150	117	0
250	147	0
350	236	0
150	110	0
150	111	0
200	114	0
250	200	0
200	120	0
150	106	0
150	112	0
150	106	0
150	110	0
150	111	0
150	112	0
600	455	0
200	126	0
200	125	0
450	279	0
150	43	0
150	43	0
350	204	0
450	240	0
500	323	0
450	328	0
250	150	0
250	155	0
250	175	0
150	45	0
350	209	0
500	293	0
250	141	0
450	273	0
300	214	0
350	240	0
450	260	0
350	209	0
350	212	0
350	205	0
350	204	0
400	250	0
450	328	0
400	224	0
650	399	0
350	210	0
350	185	0
400	200	0
400	205	1
400	216	0
400	224	0
250	147	0
400	274	0
200	111	0
150	110	0
400	222	0
200	125	0
200	125	0
350	202	0
400	222	0
400	222	0
350	208	0
350	204	0
350	203	0
350	243	0
400	222	0
200	124	0
150	112	0
200	124	0
150	114	0
150	105	0
400	242	0
350	211	0
400	222	0
400	222	4
400	222	0
450	223	0
350	223	0
400	239	0
350	203	0
450	257	0
350	211	0
350	209	0
350	213	0
350	208	0
350	222	0
550	409	0
400	243	0
500	307	0
350	222	0
350	222	0
200	119	0
350	219	0
150	112	0
150	116	0
150	105	0
100	50	0
100	45	0
100	45	0
150	207	0
400	223	0
350	245	0
200	144	0
400	239	0
350	214	0
300	208	0
200	145	0
350	213	0
300	213	0
300	220	0
200	106	0
300	214	0
200	109	0
200	120	0
200	109	0
200	109	0
300	219	0
200	109	0
200	109	0
200	109	0
300	211	0
200	118	0
150	109	0
150	108	0
150	117	0
150	143	0
150	108	0
150	109	0
150	111	0
50	45	0
150	108	0
150	109	0
100	51	0
150	109	0
150	109	0
150	109	0
150	109	0
150	108	0
150	119	0
150	109	0
150	123	0
150	121	0
150	122	0
150	114	0
150	107	0
150	122	0
100	113	0
150	107	0
150	122	0
150	107	0
150	119	0
150	107	0
150	119	0
150	118	0
150	119	0
150	119	0
