12.27.2012
16.34.23
condor_exec.exe --agent texplore --actrate 3 --explore variancenovelty --n 5 --v 2 --rom ./games/asterix.bin --history 1 --model c45tree 

Specialized environment for Asterix, uses 8 features:
0: self x position
1: self row #
2: relative x distance to object in row above self
3: ID of object in row above self
4: relative x distance to object in row below self
5: ID of object in row below self
6: relative x distance to object in current row of self
7: ID of object in current row of self
0: M5 Tree
1: C4.5 Tree
2: M5 Tree
3: C4.5 Tree
4: M5 Tree
5: C4.5 Tree
6: M5 Tree
7: C4.5 Tree
REWARD: C4.5 Tree
TERMINAL: C4.5 Tree

glamdring-3
Architecture:          x86_64
CPU op-mode(s):        32-bit, 64-bit
CPU(s):                40
Thread(s) per core:    2
Core(s) per socket:    10
CPU socket(s):         2
NUMA node(s):          2
Vendor ID:             GenuineIntel
CPU family:            6
Model:                 47
Stepping:              2
CPU MHz:               2393.736
Virtualization:        VT-x
L1d cache:             32K
L1i cache:             32K
L2 cache:              256K
L3 cache:              30720K
MemTotal:       529430880 kB
MemFree:        487639632 kB


score	#steps	#invld
100	50	0
100	58	0
50	46	0
50	41	0
100	45	0
100	45	0
100	50	0
0	46	0
50	51	0
100	43	0
200	123	0
50	46	0
100	51	0
100	47	0
50	48	0
50	47	0
50	47	0
50	47	0
50	40	0
50	47	0
150	106	0
100	46	0
100	46	0
100	43	0
400	302	0
100	41	0
100	39	0
100	50	0
100	122	0
50	64	0
50	107	0
100	104	0
100	64	0
100	62	0
100	55	0
100	45	0
100	62	0
100	41	0
150	129	0
50	40	0
100	47	0
50	61	0
50	39	0
50	51	0
50	64	0
200	217	0
100	50	0
100	101	0
100	38	0
100	45	0
100	101	0
100	39	0
100	107	0
150	42	0
100	102	0
100	103	0
100	102	0
100	102	0
100	101	0
100	49	0
100	54	0
100	53	0
100	47	0
100	64	0
100	46	0
100	46	0
150	117	0
150	119	0
100	45	0
100	63	0
100	50	0
100	50	0
100	48	0
100	48	0
100	48	0
100	49	0
100	49	0
100	48	0
100	47	0
100	47	0
100	49	0
100	47	0
100	47	0
100	47	0
100	47	0
100	47	0
100	51	0
100	89	0
100	55	0
200	234	0
100	55	0
150	103	0
150	94	0
100	55	0
100	55	0
100	55	0
100	55	0
100	55	0
100	55	0
100	55	0
100	55	0
100	55	0
100	55	0
100	55	0
100	55	0
100	55	0
100	55	0
100	55	0
100	55	0
100	55	0
100	55	0
100	55	0
100	55	0
100	55	0
100	55	0
100	55	0
100	55	0
100	55	0
100	55	0
100	55	0
100	55	0
100	55	0
100	55	0
100	55	0
100	55	0
100	55	0
100	55	0
100	55	0
100	55	0
100	55	0
100	55	0
100	55	0
100	55	0
100	55	0
100	55	0
100	55	0
100	55	0
100	55	0
100	55	0
100	55	0
100	55	0
100	55	0
100	55	0
100	55	0
100	55	0
100	55	0
100	55	0
100	55	0
100	55	0
100	55	0
100	55	0
100	55	0
100	55	0
100	55	0
100	55	0
100	55	0
100	55	0
100	55	0
100	55	0
100	55	0
100	55	0
100	55	0
100	55	0
100	55	0
100	55	0
100	55	0
100	55	0
100	55	0
100	55	0
100	55	0
100	55	0
100	55	0
100	55	0
100	55	0
100	55	0
100	55	0
100	55	0
100	55	0
100	55	0
100	55	0
100	55	0
100	55	0
100	55	0
100	55	0
100	55	0
100	55	0
100	55	0
100	55	0
100	55	0
100	55	0
100	55	0
100	55	0
100	55	0
100	55	0
100	55	0
100	55	0
100	55	0
100	55	0
100	55	0
100	55	0
100	55	0
100	55	0
100	55	0
100	55	0
100	55	0
100	55	0
100	55	0
100	55	0
100	55	0
100	55	0
100	55	0
100	55	0
100	55	0
100	55	0
100	55	0
100	55	0
100	55	0
100	55	0
100	55	0
100	55	0
100	55	0
100	55	0
100	55	0
100	55	0
100	55	0
100	55	0
100	55	0
100	55	0
100	55	0
100	55	0
100	55	0
100	55	0
100	55	0
100	55	0
100	55	0
100	55	0
100	55	0
100	55	0
100	55	0
100	55	0
100	55	0
100	55	0
100	55	0
100	55	0
100	55	0
150	178	0
100	110	0
150	116	0
100	120	0
100	120	0
100	120	0
100	124	0
100	122	0
200	236	0
100	124	0
100	120	0
100	124	0
100	124	0
100	127	0
100	127	0
200	235	0
100	124	0
100	124	0
200	237	0
100	125	0
100	109	0
100	105	0
100	105	0
100	114	0
100	124	0
100	124	0
100	110	0
100	124	0
100	124	0
100	124	0
100	124	0
100	124	0
100	124	0
100	111	0
150	119	0
100	110	0
100	115	0
100	124	0
100	120	0
100	124	0
150	119	0
100	124	0
150	116	0
100	110	0
100	124	0
100	124	0
100	124	0
100	124	0
100	124	0
100	124	0
100	124	0
100	124	0
100	124	0
150	119	0
150	116	0
100	109	0
150	116	0
150	116	0
150	116	0
100	112	0
100	147	0
100	112	0
100	112	0
100	112	0
100	112	0
100	112	0
100	112	0
100	112	0
100	112	0
100	113	0
100	113	0
100	113	0
100	113	0
100	144	0
100	146	0
100	124	0
100	112	0
100	112	0
100	144	0
100	144	0
100	113	0
100	113	0
100	113	0
100	113	0
100	113	0
100	113	0
100	113	0
100	113	0
100	113	0
100	113	0
100	113	0
100	113	0
100	113	0
100	113	0
100	113	0
100	113	0
100	113	0
100	113	0
100	113	0
100	113	0
100	113	0
100	113	0
100	113	0
100	113	0
100	113	0
100	113	0
100	113	0
100	113	0
100	113	0
100	113	0
100	113	0
100	113	0
100	113	0
100	113	0
100	113	0
100	113	0
100	113	0
100	113	0
100	113	0
100	113	0
100	113	0
100	113	0
100	113	0
100	113	0
100	113	0
100	113	0
100	113	0
100	113	0
100	113	0
100	113	0
100	113	0
100	113	0
100	113	0
100	113	0
100	113	0
100	113	0
100	113	0
100	113	0
100	113	0
100	113	0
100	113	0
100	113	0
100	113	0
100	113	0
100	113	0
100	113	0
100	113	0
100	113	0
100	113	0
100	113	0
100	113	0
100	113	0
100	113	0
100	113	0
100	113	0
100	113	0
