12.27.2012
16.34.23
condor_exec.exe --agent texplore --actrate 3 --explore variancenovelty --n 5 --v 2 --rom ./games/asterix.bin --history 1 --model c45tree 

Specialized environment for Asterix, uses 8 features:
0: self x position
1: self row #
2: relative x distance to object in row above self
3: ID of object in row above self
4: relative x distance to object in row below self
5: ID of object in row below self
6: relative x distance to object in current row of self
7: ID of object in current row of self
0: M5 Tree
1: C4.5 Tree
2: M5 Tree
3: C4.5 Tree
4: M5 Tree
5: C4.5 Tree
6: M5 Tree
7: C4.5 Tree
REWARD: C4.5 Tree
TERMINAL: C4.5 Tree

glamdring-3
Architecture:          x86_64
CPU op-mode(s):        32-bit, 64-bit
CPU(s):                40
Thread(s) per core:    2
Core(s) per socket:    10
CPU socket(s):         2
NUMA node(s):          2
Vendor ID:             GenuineIntel
CPU family:            6
Model:                 47
Stepping:              2
CPU MHz:               2393.736
Virtualization:        VT-x
L1d cache:             32K
L1i cache:             32K
L2 cache:              256K
L3 cache:              30720K
MemTotal:       529430880 kB
MemFree:        487553012 kB


score	#steps	#invld
100	50	0
0	43	0
100	61	0
100	61	0
100	41	0
100	61	0
100	41	0
100	41	0
100	41	0
100	41	0
100	41	0
100	41	0
100	41	0
100	41	0
100	41	0
100	41	0
100	41	0
100	41	0
100	41	0
100	41	0
100	41	0
100	41	0
100	41	0
100	41	0
100	41	0
100	41	0
100	41	0
100	41	0
100	41	0
100	41	0
100	41	0
100	41	0
100	41	0
100	41	0
100	41	0
100	41	0
100	41	0
100	41	0
100	41	0
100	41	0
100	41	0
100	41	0
100	41	0
100	41	0
100	41	0
100	41	0
100	41	0
100	41	0
100	41	0
100	41	0
100	41	0
100	41	0
100	41	0
100	41	0
100	41	0
100	41	0
100	41	0
100	41	0
100	41	0
100	41	0
100	41	0
100	41	0
100	41	0
100	41	0
100	41	0
100	41	0
100	41	0
100	41	0
100	41	0
100	41	0
100	41	0
100	41	0
100	41	0
100	41	0
100	41	0
100	41	0
100	41	0
100	41	0
100	41	0
100	41	0
100	49	0
100	61	0
100	96	0
200	143	0
100	48	0
100	45	0
100	127	0
100	142	0
150	118	0
100	116	0
100	96	0
100	96	0
100	96	0
100	96	0
100	96	0
100	96	0
100	96	0
100	96	0
100	96	0
100	96	0
100	96	0
100	96	0
100	96	0
100	96	0
100	96	0
100	96	0
100	96	0
100	96	0
100	96	0
100	96	0
100	96	0
100	96	0
100	96	0
100	96	0
100	105	0
100	140	0
100	109	0
200	254	0
100	107	0
100	113	0
100	114	0
100	104	0
100	104	0
100	104	0
100	104	0
100	104	0
100	104	0
100	104	0
100	104	0
100	104	0
100	104	0
100	104	0
100	104	0
100	108	0
100	143	0
100	121	0
100	122	0
100	122	0
150	212	0
100	111	0
100	114	0
200	163	0
100	105	0
100	116	0
100	149	0
100	124	0
100	116	0
100	122	0
100	122	0
100	122	0
100	122	0
100	115	0
100	115	0
100	115	0
100	122	0
100	122	0
100	122	0
100	122	0
100	122	0
100	122	0
100	122	0
100	122	0
100	122	0
100	122	0
100	122	0
100	122	0
100	122	0
100	122	0
100	122	0
100	122	0
100	122	0
100	122	0
100	122	0
100	122	0
100	122	0
100	122	0
100	122	0
100	122	0
100	122	0
100	122	0
100	122	0
100	122	0
100	122	0
100	122	0
100	116	0
100	117	0
100	117	0
100	117	0
100	117	0
100	117	0
100	117	0
100	117	0
100	117	0
100	117	0
100	117	0
100	117	0
100	117	0
100	117	0
100	117	0
100	117	0
100	117	0
100	117	0
100	117	0
100	117	0
100	117	0
100	117	0
100	117	0
100	117	0
100	117	0
100	117	0
100	117	0
100	117	0
100	117	0
100	117	0
100	117	0
100	117	0
100	117	0
100	117	0
100	117	0
100	117	0
100	117	0
100	117	0
100	117	0
100	117	0
100	117	0
100	117	0
100	117	0
100	117	0
100	117	0
100	117	0
100	117	0
100	117	0
100	117	0
100	117	0
100	117	0
100	117	0
100	117	0
100	117	0
100	117	0
100	117	0
100	117	0
100	117	0
100	117	0
100	117	0
100	117	0
100	117	0
100	117	0
100	117	0
100	117	0
100	117	0
100	117	0
100	117	0
100	117	0
100	117	0
100	117	0
100	117	0
100	117	0
100	117	0
100	117	0
100	117	0
100	117	0
100	117	0
100	117	0
100	117	0
100	117	0
100	117	0
100	117	0
100	117	0
100	117	0
100	117	0
100	117	0
100	117	0
100	117	0
100	117	0
100	117	0
100	117	0
100	117	0
100	117	0
100	117	0
100	117	0
100	117	0
100	117	0
100	117	0
100	117	0
100	117	0
100	117	0
100	117	0
100	117	0
100	117	0
100	117	0
100	117	0
100	117	0
100	117	0
100	117	0
100	117	0
100	117	0
100	117	0
100	117	0
100	117	0
100	117	0
100	117	0
100	117	0
100	117	0
100	117	0
100	117	0
100	117	0
100	117	0
100	117	0
100	117	0
100	117	0
100	117	0
100	117	0
100	117	0
100	117	0
100	117	0
100	117	0
100	117	0
100	117	0
100	117	0
100	117	0
100	117	0
100	117	0
100	117	0
100	117	0
100	117	0
100	117	0
100	117	0
100	117	0
100	117	0
100	117	0
100	117	0
100	117	0
100	117	0
100	117	0
100	117	0
100	117	0
100	117	0
100	117	0
100	117	0
100	117	0
100	117	0
100	117	0
100	117	0
100	117	0
100	117	0
100	117	0
100	117	0
100	117	0
100	117	0
100	117	0
100	117	0
100	117	0
100	117	0
100	117	0
100	117	0
100	117	0
100	117	0
100	117	0
100	117	0
100	117	0
100	117	0
100	117	0
100	117	0
100	117	0
100	117	0
100	117	0
100	117	0
100	117	0
100	117	0
100	117	0
100	117	0
100	117	0
100	117	0
100	117	0
100	117	0
100	117	0
100	117	0
100	117	0
100	117	0
100	117	0
100	117	0
100	117	0
100	117	0
100	117	0
100	117	0
100	117	0
100	117	0
100	117	0
100	117	0
100	117	0
100	117	0
100	117	0
100	117	0
100	117	0
100	117	0
100	117	0
100	117	0
100	117	0
100	117	0
100	117	0
100	117	0
100	117	0
100	117	0
100	117	0
100	117	0
100	117	0
100	117	0
100	117	0
100	117	0
100	117	0
100	117	0
100	117	0
100	117	0
100	117	0
100	117	0
100	117	0
100	117	0
100	117	0
100	117	0
100	117	0
100	117	0
100	117	0
100	117	0
100	117	0
100	117	0
100	117	0
100	117	0
100	117	0
100	117	0
100	117	0
100	117	0
100	117	0
100	117	0
100	117	0
100	117	0
100	117	0
100	117	0
100	117	0
100	117	0
100	117	0
100	117	0
100	117	0
100	117	0
100	117	0
100	117	0
100	117	0
100	117	0
100	117	0
100	117	0
100	117	0
100	117	0
100	117	0
100	117	0
100	117	0
100	117	0
100	117	0
100	117	0
100	117	0
100	117	0
100	117	0
100	117	0
100	117	0
100	117	0
100	117	0
100	117	0
100	117	0
100	117	0
100	117	0
100	117	0
100	117	0
100	117	0
100	117	0
100	117	0
100	117	0
100	117	0
100	117	0
100	117	0
100	117	0
100	117	0
100	117	0
100	117	0
100	117	0
100	117	0
100	117	0
100	117	0
100	117	0
100	117	0
100	117	0
100	117	0
100	117	0
100	117	0
100	117	0
100	117	0
100	117	0
100	117	0
100	117	0
100	117	0
100	117	0
100	117	0
100	117	0
100	117	0
100	117	0
100	117	0
100	117	0
100	117	0
100	117	0
100	117	0
100	117	0
100	117	0
100	117	0
100	117	0
100	117	0
100	117	0
100	117	0
100	117	0
100	117	0
100	117	0
100	117	0
100	117	0
100	117	0
100	117	0
100	117	0
100	117	0
100	117	0
100	117	0
100	117	0
100	117	0
100	117	0
100	117	0
100	117	0
100	117	0
100	117	0
100	117	0
100	117	0
100	117	0
100	117	0
100	117	0
100	117	0
100	117	0
100	117	0
100	117	0
100	117	0
100	117	0
100	117	0
100	117	0
100	117	0
100	117	0
100	117	0
100	117	0
100	117	0
100	117	0
100	117	0
100	117	0
100	117	0
100	117	0
100	117	0
100	117	0
100	117	0
100	117	0
100	117	0
100	117	0
100	117	0
100	117	0
100	117	0
100	117	0
100	117	0
100	117	0
100	117	0
100	117	0
100	117	0
100	117	0
100	117	0
100	117	0
100	117	0
100	117	0
100	117	0
100	117	0
100	117	0
100	117	0
100	117	0
100	117	0
100	117	0
100	117	0
100	117	0
100	117	0
100	117	0
100	117	0
100	117	0
100	117	0
100	117	0
100	117	0
100	117	0
100	117	0
100	117	0
100	117	0
100	117	0
100	117	0
100	117	0
100	117	0
100	117	0
