12.27.2012
18.20.54
condor_exec.exe --agent texplore --actrate 3 --explore variancenovelty --n 5 --v 2 --rom ./games/asterix.bin --history 1 --model c45tree 

Specialized environment for Asterix, uses 8 features:
0: self x position
1: self row #
2: relative x distance to object in row above self
3: ID of object in row above self
4: relative x distance to object in row below self
5: ID of object in row below self
6: relative x distance to object in current row of self
7: ID of object in current row of self
0: M5 Tree
1: C4.5 Tree
2: M5 Tree
3: C4.5 Tree
4: M5 Tree
5: C4.5 Tree
6: M5 Tree
7: C4.5 Tree
REWARD: C4.5 Tree
TERMINAL: C4.5 Tree

glamdring-4
Architecture:          x86_64
CPU op-mode(s):        32-bit, 64-bit
CPU(s):                40
Thread(s) per core:    2
Core(s) per socket:    10
CPU socket(s):         2
NUMA node(s):          2
Vendor ID:             GenuineIntel
CPU family:            6
Model:                 47
Stepping:              2
CPU MHz:               2394.210
Virtualization:        VT-x
L1d cache:             32K
L1i cache:             32K
L2 cache:              256K
L3 cache:              30720K
MemTotal:       529430880 kB
MemFree:        445127584 kB


score	#steps	#invld
100	47	0
100	116	0
100	116	0
50	57	0
150	81	0
250	237	0
350	258	0
150	110	0
150	110	0
300	239	0
150	110	0
150	110	0
250	261	0
300	305	0
200	196	0
100	46	0
100	46	0
100	46	0
100	46	0
100	46	0
100	46	0
100	46	0
100	46	0
100	46	0
100	46	0
100	46	0
100	46	0
100	46	0
100	46	0
100	46	0
100	46	0
100	46	0
100	46	0
100	46	0
100	46	0
100	46	0
100	46	0
100	46	0
100	46	0
100	46	0
100	46	0
100	46	0
100	46	0
100	46	0
100	46	0
100	46	0
100	46	0
100	46	0
100	46	0
100	46	0
100	46	0
100	46	0
100	46	0
100	46	0
100	46	0
100	46	0
100	46	0
100	46	0
100	46	0
100	46	0
100	46	0
100	46	0
100	46	0
100	46	0
100	46	0
100	46	0
100	46	0
100	46	0
100	46	0
100	46	0
100	46	0
100	46	0
100	46	0
100	46	0
100	46	0
100	46	0
100	46	0
100	46	0
100	46	0
100	46	0
100	46	0
100	46	0
100	46	0
100	46	0
100	46	0
100	46	0
100	46	0
100	46	0
100	46	0
100	46	0
100	46	0
100	46	0
100	46	0
100	46	0
100	46	0
100	46	0
100	46	0
100	46	0
100	46	0
100	46	0
100	46	0
100	46	0
100	46	0
100	46	0
100	46	0
100	46	0
100	46	0
100	46	0
100	46	0
100	46	0
100	46	0
100	46	0
100	46	0
100	46	0
100	46	0
100	46	0
100	46	0
100	46	0
100	46	0
100	46	0
100	46	0
100	46	0
100	46	0
100	46	0
100	46	0
100	46	0
100	46	0
100	46	0
100	46	0
500	585	0
250	305	0
150	207	0
250	305	0
100	46	0
100	46	0
100	46	0
100	46	0
100	46	0
100	46	0
100	46	0
50	109	0
50	109	0
50	109	0
50	109	0
50	109	0
50	109	0
50	109	0
50	47	0
100	109	0
250	305	0
250	305	0
50	109	0
200	305	0
100	109	0
100	109	0
100	109	0
100	109	0
100	109	0
100	109	0
100	109	0
100	109	0
100	109	0
100	109	0
100	109	0
100	109	0
100	109	0
100	109	0
100	109	0
100	109	0
100	109	0
100	109	0
50	58	0
50	58	0
50	58	0
50	58	0
50	58	0
50	58	0
50	58	0
50	58	0
50	58	0
50	58	0
50	58	0
50	58	0
50	58	0
50	58	0
50	58	0
50	58	0
50	58	0
50	58	0
50	58	0
50	58	0
50	58	0
50	58	0
50	58	0
50	58	0
50	58	0
50	58	0
50	58	0
50	58	0
50	58	0
50	58	0
50	58	0
50	58	0
50	58	0
50	58	0
50	58	0
50	58	0
50	58	0
50	58	0
50	58	0
50	58	0
50	58	0
50	58	0
50	58	0
50	58	0
50	58	0
50	58	0
50	58	0
50	58	0
50	58	0
50	58	0
50	58	0
50	58	0
50	58	0
50	58	0
50	58	0
50	58	0
50	58	0
50	58	0
50	58	0
50	58	0
50	58	0
50	58	0
50	58	0
50	58	0
50	58	0
50	58	0
50	58	0
50	58	0
50	58	0
50	58	0
50	58	0
50	58	0
50	58	0
50	58	0
50	58	0
50	58	0
50	58	0
50	58	0
50	58	0
50	58	0
50	58	0
50	58	0
50	58	0
50	58	0
50	58	0
50	58	0
50	58	0
50	58	0
50	58	0
50	58	0
50	58	0
50	58	0
50	58	0
50	58	0
50	58	0
50	58	0
50	58	0
50	58	0
50	58	0
50	58	0
50	58	0
50	58	0
50	58	0
50	58	0
50	58	0
50	58	0
50	58	0
50	58	0
50	58	0
50	58	0
50	58	0
50	58	0
50	58	0
50	58	0
50	58	0
50	58	0
50	58	0
50	58	0
50	58	0
50	58	0
50	58	0
50	58	0
50	58	0
50	58	0
50	58	0
50	58	0
50	58	0
50	58	0
50	58	0
50	58	0
50	58	0
50	58	0
50	58	0
50	58	0
50	56	0
50	58	0
100	109	0
250	207	0
50	54	0
50	54	0
50	54	0
50	111	0
200	306	0
50	119	0
50	116	0
50	116	0
50	113	0
50	113	0
50	113	0
50	113	0
50	113	0
50	113	0
50	113	0
50	113	0
50	113	0
50	113	0
50	113	0
50	113	0
50	113	0
50	113	0
50	113	0
50	113	0
50	113	0
50	113	0
50	113	0
50	113	0
50	113	0
50	113	0
50	113	0
50	113	0
50	113	0
50	113	0
50	113	0
50	113	0
50	113	0
50	113	0
50	113	0
50	113	0
50	113	0
50	113	0
50	113	0
50	113	0
50	113	0
50	113	0
50	113	0
50	113	0
50	113	0
50	113	0
50	113	0
50	113	0
50	113	0
50	113	0
50	113	0
50	113	0
50	113	0
50	113	0
50	113	0
50	113	0
50	113	0
50	113	0
50	113	0
50	113	0
50	113	0
50	113	0
50	113	0
50	113	0
50	113	0
50	113	0
50	113	0
50	113	0
50	113	0
50	113	0
50	113	0
50	113	0
50	113	0
50	113	0
50	113	0
50	113	0
50	113	0
50	113	0
50	113	0
50	113	0
50	113	0
50	113	0
50	113	0
50	113	0
50	113	0
50	113	0
50	113	0
50	113	0
50	113	0
50	113	0
50	113	0
50	113	0
50	113	0
50	113	0
50	113	0
50	113	0
50	113	0
50	113	0
50	113	0
50	113	0
50	113	0
50	113	0
50	113	0
50	113	0
50	113	0
50	113	0
50	113	0
50	113	0
50	113	0
50	113	0
50	113	0
50	113	0
50	113	0
50	113	0
50	113	0
50	113	0
50	113	0
50	113	0
50	113	0
50	113	0
50	113	0
50	113	0
50	113	0
50	113	0
50	113	0
50	113	0
50	113	0
50	113	0
50	113	0
50	113	0
50	113	0
50	113	0
50	113	0
50	113	0
50	113	0
50	113	0
50	113	0
50	113	0
50	113	0
50	113	0
50	113	0
50	113	0
50	113	0
50	113	0
50	113	0
50	113	0
50	113	0
50	113	0
50	113	0
50	113	0
50	113	0
50	113	0
50	113	0
50	113	0
50	113	0
50	113	0
50	113	0
50	113	0
50	113	0
50	113	0
50	113	0
50	113	0
50	113	0
50	113	0
50	113	0
50	113	0
50	113	0
50	113	0
50	113	0
50	113	0
50	113	0
50	113	0
50	113	0
50	113	0
50	113	0
50	113	0
50	113	0
50	113	0
50	113	0
50	113	0
50	113	0
50	113	0
50	113	0
50	113	0
50	113	0
50	113	0
50	113	0
50	113	0
50	113	0
50	113	0
50	113	0
50	113	0
50	113	0
50	113	0
50	113	0
50	113	0
50	113	0
50	113	0
50	113	0
50	113	0
50	113	0
50	113	0
50	113	0
50	113	0
50	113	0
50	113	0
50	113	0
50	113	0
50	113	0
50	113	0
50	113	0
50	113	0
50	113	0
50	113	0
50	113	0
50	113	0
50	113	0
50	113	0
50	113	0
50	113	0
50	113	0
50	113	0
50	113	0
50	113	0
50	113	0
50	113	0
50	113	0
50	113	0
50	113	0
50	113	0
50	113	0
50	113	0
50	113	0
50	113	0
50	113	0
50	113	0
50	113	0
50	113	0
50	113	0
50	113	0
50	113	0
50	113	0
50	113	0
50	113	0
50	113	0
50	113	0
50	113	0
50	113	0
50	113	0
50	113	0
50	113	0
50	113	0
50	113	0
50	113	0
50	113	0
50	113	0
50	113	0
50	113	0
50	113	0
50	113	0
50	113	0
50	113	0
50	113	0
50	113	0
50	113	0
50	113	0
50	113	0
50	113	0
50	113	0
50	113	0
50	113	0
50	113	0
50	113	0
50	113	0
50	113	0
50	113	0
50	113	0
50	113	0
50	113	0
50	113	0
50	113	0
50	113	0
50	113	0
50	113	0
50	113	0
50	113	0
50	113	0
