12.27.2012
16.34.23
condor_exec.exe --agent texplore --actrate 3 --explore variancenovelty --n 5 --v 2 --rom ./games/asterix.bin --history 1 --model c45tree 

Specialized environment for Asterix, uses 8 features:
0: self x position
1: self row #
2: relative x distance to object in row above self
3: ID of object in row above self
4: relative x distance to object in row below self
5: ID of object in row below self
6: relative x distance to object in current row of self
7: ID of object in current row of self
0: M5 Tree
1: C4.5 Tree
2: M5 Tree
3: C4.5 Tree
4: M5 Tree
5: C4.5 Tree
6: M5 Tree
7: C4.5 Tree
REWARD: C4.5 Tree
TERMINAL: C4.5 Tree

glamdring-3
Architecture:          x86_64
CPU op-mode(s):        32-bit, 64-bit
CPU(s):                40
Thread(s) per core:    2
Core(s) per socket:    10
CPU socket(s):         2
NUMA node(s):          2
Vendor ID:             GenuineIntel
CPU family:            6
Model:                 47
Stepping:              2
CPU MHz:               2393.736
Virtualization:        VT-x
L1d cache:             32K
L1i cache:             32K
L2 cache:              256K
L3 cache:              30720K
MemTotal:       529430880 kB
MemFree:        487649752 kB


score	#steps	#invld
50	43	0
100	73	0
100	48	0
100	49	0
100	62	0
200	39	0
150	44	0
100	45	0
100	82	0
100	41	0
150	48	0
100	51	0
50	40	0
50	50	0
100	44	0
100	44	0
100	47	0
150	46	0
150	45	0
100	48	0
100	40	0
100	56	0
50	51	0
150	44	0
100	54	0
100	57	0
50	58	0
100	42	0
100	38	0
150	51	0
100	45	0
100	50	0
100	52	0
150	46	0
50	61	0
150	49	0
100	45	0
100	44	0
150	39	0
100	53	0
100	47	0
100	42	0
100	62	0
50	47	0
50	43	0
100	50	0
100	51	0
50	53	0
100	50	0
100	57	0
250	113	0
100	48	0
100	44	0
100	41	0
50	44	0
100	48	0
150	43	0
150	41	0
200	78	0
100	50	0
100	39	0
100	42	0
150	43	0
50	43	0
150	64	0
200	44	0
150	64	0
150	44	0
200	44	0
150	131	0
50	48	0
100	84	0
150	42	0
100	42	0
100	41	0
150	38	0
100	64	0
150	56	0
100	55	0
100	64	0
50	41	0
50	42	0
50	84	0
100	42	0
100	46	0
50	82	0
50	64	0
50	43	0
50	64	0
100	40	0
100	44	0
50	39	0
100	41	0
50	39	0
50	57	0
100	119	0
100	84	0
100	44	0
50	42	0
100	42	0
100	44	0
100	49	0
50	80	0
50	39	0
50	43	0
50	39	0
50	39	0
50	50	0
50	43	0
100	44	0
100	39	0
50	41	0
50	41	0
100	74	0
100	44	0
50	43	0
100	41	0
100	43	0
100	46	0
100	61	0
100	41	0
150	38	0
150	41	0
200	44	0
100	43	0
50	41	0
100	41	0
100	41	0
100	41	0
100	40	0
100	41	0
100	74	0
50	40	0
50	46	0
50	61	0
50	57	0
100	75	0
100	39	0
100	64	0
100	38	0
50	50	0
50	43	0
50	39	0
50	43	0
100	42	0
50	39	0
100	39	0
100	44	0
150	100	0
100	84	0
100	40	0
100	40	0
100	44	0
100	44	0
100	44	0
100	44	0
100	44	0
100	44	0
100	44	0
100	44	0
100	44	0
100	44	0
100	44	0
100	44	0
100	44	0
100	44	0
100	44	0
100	44	0
100	44	0
100	44	0
100	44	0
100	44	0
100	44	0
100	44	0
100	44	0
100	44	0
100	44	0
100	44	0
100	44	0
100	44	0
100	44	0
100	44	0
100	44	0
100	44	0
100	44	0
100	44	0
100	44	0
100	44	0
100	44	0
100	44	0
100	44	0
100	44	0
100	44	0
100	44	0
100	44	0
100	44	0
100	44	0
100	44	0
100	44	0
100	44	0
100	44	0
100	44	0
100	44	0
100	44	0
100	44	0
100	44	0
100	44	0
100	44	0
100	44	0
100	44	0
100	44	0
100	44	0
100	44	0
100	44	0
100	44	0
100	44	0
100	44	0
100	44	0
100	44	0
100	44	0
100	44	0
100	44	0
100	44	0
100	44	0
100	44	0
100	44	0
100	44	0
100	44	0
100	44	0
100	44	0
100	44	0
100	44	0
100	44	0
100	44	0
100	44	0
100	44	0
100	44	0
100	44	0
100	44	0
100	44	0
100	44	0
100	44	0
100	44	0
100	44	0
100	44	0
100	44	0
100	44	0
100	44	0
100	44	0
100	44	0
100	44	0
100	44	0
100	44	0
100	44	0
100	44	0
200	112	0
100	44	0
100	44	0
100	44	0
100	44	0
100	44	0
100	44	0
100	44	0
100	44	0
100	44	0
100	44	0
100	44	0
100	44	0
100	44	0
100	44	0
100	44	0
100	44	0
100	44	0
100	44	0
100	44	0
100	44	0
100	44	0
100	44	0
100	44	0
100	44	0
100	44	0
100	44	0
100	44	0
100	44	0
100	44	0
100	44	0
100	44	0
100	44	0
100	44	0
100	44	0
100	44	0
100	44	0
100	44	0
100	44	0
100	44	0
100	44	0
100	44	0
100	44	0
100	44	0
100	44	0
100	44	0
100	44	0
100	44	0
100	44	0
100	44	0
100	44	0
100	44	0
100	44	0
100	44	0
100	44	0
100	44	0
100	44	0
100	44	0
100	44	0
100	44	0
100	44	0
100	44	0
100	44	0
100	44	0
100	44	0
100	44	0
100	44	0
100	44	0
100	44	0
100	44	0
100	44	0
100	44	0
100	44	0
100	44	0
100	44	0
100	44	0
100	44	0
100	44	0
100	44	0
100	44	0
100	44	0
100	44	0
100	44	0
100	44	0
100	44	0
100	44	0
100	44	0
100	44	0
100	44	0
100	44	0
100	44	0
100	44	0
100	44	0
100	44	0
100	44	0
100	41	0
100	41	0
100	41	0
100	44	0
100	44	0
100	44	0
100	55	0
100	44	0
100	44	0
100	44	0
100	41	0
100	40	0
100	41	0
100	62	0
150	110	0
100	58	0
100	41	0
100	41	0
100	41	0
100	40	0
100	40	0
100	73	0
100	133	0
100	39	0
150	133	0
100	39	0
100	129	0
100	62	0
100	62	0
100	62	0
100	62	0
100	62	0
100	62	0
100	62	0
100	62	0
150	95	0
150	91	0
200	95	0
200	95	0
100	97	0
100	108	0
150	97	0
150	126	0
100	110	0
100	132	0
150	248	0
100	110	0
100	126	0
100	103	0
100	108	0
250	178	0
100	132	0
100	97	0
100	97	0
100	97	0
100	101	0
100	101	0
100	97	0
100	97	0
100	97	0
100	132	0
100	107	0
100	132	0
100	99	0
100	99	0
100	99	0
100	99	0
100	99	0
100	99	0
100	99	0
100	99	0
100	99	0
100	99	0
100	99	0
100	99	0
100	99	0
100	99	0
100	99	0
100	99	0
100	99	0
100	99	0
100	99	0
100	99	0
100	99	0
100	99	0
100	99	0
100	99	0
100	99	0
100	99	0
100	99	0
100	99	0
100	99	0
100	99	0
100	99	0
100	99	0
100	99	0
100	99	0
100	99	0
100	99	0
100	99	0
100	99	0
100	99	0
100	99	0
100	99	0
100	99	0
100	99	0
100	99	0
100	99	0
100	99	0
100	99	0
100	99	0
100	99	0
100	99	0
100	99	0
100	99	0
100	99	0
100	99	0
100	99	0
100	99	0
100	99	0
100	99	0
100	99	0
100	99	0
100	99	0
100	99	0
100	99	0
100	99	0
100	99	0
100	99	0
100	99	0
100	99	0
100	99	0
100	99	0
100	99	0
100	99	0
100	99	0
100	99	0
100	99	0
100	99	0
100	99	0
100	99	0
100	99	0
100	99	0
100	99	0
