12.27.2012
16.34.23
condor_exec.exe --agent texplore --actrate 3 --explore variancenovelty --n 5 --v 2 --rom ./games/asterix.bin --history 1 --model c45tree 

Specialized environment for Asterix, uses 8 features:
0: self x position
1: self row #
2: relative x distance to object in row above self
3: ID of object in row above self
4: relative x distance to object in row below self
5: ID of object in row below self
6: relative x distance to object in current row of self
7: ID of object in current row of self
0: M5 Tree
1: C4.5 Tree
2: M5 Tree
3: C4.5 Tree
4: M5 Tree
5: C4.5 Tree
6: M5 Tree
7: C4.5 Tree
REWARD: C4.5 Tree
TERMINAL: C4.5 Tree

glamdring-3
Architecture:          x86_64
CPU op-mode(s):        32-bit, 64-bit
CPU(s):                40
Thread(s) per core:    2
Core(s) per socket:    10
CPU socket(s):         2
NUMA node(s):          2
Vendor ID:             GenuineIntel
CPU family:            6
Model:                 47
Stepping:              2
CPU MHz:               2393.736
Virtualization:        VT-x
L1d cache:             32K
L1i cache:             32K
L2 cache:              256K
L3 cache:              30720K
MemTotal:       529430880 kB
MemFree:        487647388 kB


score	#steps	#invld
100	43	0
100	40	0
100	45	0
100	52	0
100	43	0
100	44	0
100	44	0
100	44	0
100	44	0
100	44	0
100	44	0
100	44	0
100	44	0
100	44	0
100	44	0
100	44	0
100	44	0
100	44	0
100	44	0
100	44	0
100	44	0
100	44	0
100	44	0
100	44	0
100	44	0
100	44	0
100	44	0
100	44	0
100	44	0
100	44	0
100	44	0
100	44	0
100	44	0
100	44	0
100	44	0
100	44	0
100	44	0
100	44	0
100	44	0
100	44	0
100	44	0
100	44	0
100	44	0
100	44	0
100	44	0
100	44	0
100	44	0
100	44	0
100	44	0
100	44	0
100	44	0
100	44	0
100	44	0
100	44	0
100	44	0
100	44	0
100	44	0
100	44	0
100	44	0
100	44	0
100	44	0
100	44	0
100	44	0
100	44	0
100	44	0
100	44	0
100	44	0
100	44	0
100	44	0
100	44	0
100	44	0
100	44	0
100	44	0
100	44	0
100	44	0
100	44	0
100	44	0
100	44	0
100	44	0
100	44	0
100	44	0
100	44	0
100	44	0
100	44	0
100	44	0
100	44	0
100	44	0
100	44	0
100	44	0
100	44	0
100	44	0
100	44	0
100	44	0
100	44	0
100	44	0
100	44	0
100	44	0
100	43	0
100	44	0
100	44	0
100	44	0
100	44	0
100	44	0
100	44	0
50	47	0
100	44	0
50	49	0
50	50	0
100	44	0
100	44	0
100	44	0
100	44	0
100	48	0
150	62	0
100	44	0
100	53	0
0	43	0
100	48	0
100	51	0
50	64	0
100	51	0
100	51	0
100	50	0
100	52	0
100	50	0
50	57	0
200	86	0
100	43	0
100	88	0
150	52	0
50	41	0
50	45	0
100	60	0
100	44	0
100	60	0
100	117	0
100	43	0
50	46	0
100	119	0
100	46	0
100	40	0
50	66	0
150	38	0
50	49	0
50	87	0
100	51	0
100	58	0
50	50	0
100	81	0
50	51	0
50	52	0
50	46	0
50	49	0
50	51	0
50	46	0
50	48	0
50	40	0
50	45	0
150	51	0
100	118	0
50	50	0
50	45	0
200	88	0
50	51	0
50	82	0
50	51	0
50	52	0
100	112	0
50	49	0
50	50	0
50	53	0
50	48	0
250	114	0
50	58	0
100	39	0
50	45	0
50	74	0
50	47	0
50	45	0
100	40	0
100	91	0
50	63	0
50	57	0
100	51	0
100	44	0
50	52	0
50	48	0
50	53	0
50	51	0
50	49	0
150	124	0
50	75	0
150	133	0
100	48	0
100	48	0
100	47	0
150	119	0
150	64	0
150	54	0
50	51	0
50	43	0
50	52	0
50	60	0
0	48	0
50	52	0
50	51	0
50	51	0
50	44	0
150	156	0
50	52	0
50	51	0
50	51	0
50	51	0
50	50	0
50	53	0
50	51	0
50	50	0
50	51	0
50	52	0
50	52	0
50	52	0
50	50	0
50	50	0
50	50	0
50	50	0
50	61	0
50	52	0
50	78	0
50	52	0
50	62	0
50	48	0
50	52	0
50	51	0
50	51	0
50	50	0
50	51	0
50	51	0
50	51	0
50	51	0
50	51	0
50	52	0
50	51	0
50	85	0
50	85	0
50	50	0
50	51	0
50	51	0
50	51	0
50	51	0
50	49	0
50	51	0
50	52	0
50	49	0
50	52	0
50	52	0
50	51	0
50	52	0
50	52	0
50	48	0
50	52	0
50	52	0
50	51	0
50	50	0
50	51	0
50	50	0
50	50	0
50	51	0
50	51	0
50	50	0
50	50	0
50	52	0
50	51	0
50	52	0
50	51	0
50	51	0
